0 0
0.000333333 0.0632125
0.000666667 0.030834
0.001 0.0360997
0.00133333 0.0909673
0.00166667 0.0623538
0.002 0.0241724
0.00233333 0.0717076
0.00266667 0.0829022
0.003 0.032891
0.00333333 0.0415692
0.00366667 0.0552735
0.004 -0.000832544
0.00433333 -0.0172928
0.00466667 0.0188003
0.005 2.4248e-17
0.00533333 -0.0188003
0.00566667 0.0172928
0.006 0.000832544
0.00633333 -0.0552735
0.00666667 -0.0415692
0.007 -0.032891
0.00733333 -0.0829022
0.00766667 -0.0717076
0.008 -0.0241724
0.00833333 -0.0623538
0.00866667 -0.0909673
0.009 -0.0360997
0.00933333 -0.030834
0.00966667 -0.0632125
0.01 -1.13157e-16
0.0103333 0.0632125
0.0106667 0.030834
0.011 0.0360997
0.0113333 0.0909673
0.0116667 0.0623538
0.012 0.0241724
0.0123333 0.0717076
0.0126667 0.0829022
0.013 0.032891
0.0133333 0.0415692
0.0136667 0.0552735
0.014 -0.000832544
0.0143333 -0.0172928
0.0146667 0.0188003
0.015 1.79325e-16
0.0153333 -0.0188003
0.0156667 0.0172928
0.016 0.000832544
0.0163333 -0.0552735
0.0166667 -0.0415692
0.017 -0.032891
0.0173333 -0.0829022
0.0176667 -0.0717076
0.018 -0.0241724
0.0183333 -0.0623538
0.0186667 -0.0909673
0.019 -0.0360997
0.0193333 -0.030834
0.0196667 -0.0632125
0.02 -2.26315e-16
0.0203333 0.0632125
0.0206667 0.030834
0.021 0.0360997
0.0213333 0.0909673
0.0216667 0.0623538
0.022 0.0241724
0.0223333 0.0717076
0.0226667 0.0829022
0.023 0.032891
0.0233333 0.0415692
0.0236667 0.0552735
0.024 -0.000832544
0.0243333 -0.0172928
0.0246667 0.0188003
0.025 1.42556e-16
0.0253333 -0.0188003
0.0256667 0.0172928
0.026 0.000832544
0.0263333 -0.0552735
0.0266667 -0.0415692
0.027 -0.032891
0.0273333 -0.0829022
0.0276667 -0.0717076
0.028 -0.0241724
0.0283333 -0.0623538
0.0286667 -0.0909673
0.029 -0.0360997
0.0293333 -0.030834
0.0296667 -0.0632125
0.03 -5.52635e-16
0.0303333 0.0632125
0.0306667 0.030834
0.031 0.0360997
0.0313333 0.0909673
0.0316667 0.0623538
0.032 0.0241724
0.0323333 0.0717076
0.0326667 0.0829022
0.033 0.032891
0.0333333 0.0415692
0.0336667 0.0552735
0.034 -0.000832544
0.0343333 -0.0172928
0.0346667 0.0188003
0.035 1.05787e-16
0.0353333 -0.0188003
0.0356667 0.0172928
0.036 0.000832544
0.0363333 -0.0552735
0.0366667 -0.0415692
0.037 -0.032891
0.0373333 -0.0829022
0.0376667 -0.0717076
0.038 -0.0241724
0.0383333 -0.0623538
0.0386667 -0.0909673
0.039 -0.0360997
0.0393333 -0.030834
0.0396667 -0.0632125
0.04 -4.52629e-16
0.0403333 0.0632125
0.0406667 0.030834
0.041 0.0360997
0.0413333 0.0909673
0.0416667 0.0623538
0.042 0.0241724
0.0423333 0.0717076
0.0426667 0.0829022
0.043 0.032891
0.0433333 0.0415692
0.0436667 0.0552735
0.044 -0.000832544
0.0443333 -0.0172928
0.0446667 0.0188003
0.045 5.37976e-16
0.0453333 -0.0188003
0.0456667 0.0172928
0.046 0.000832544
0.0463333 -0.0552735
0.0466667 -0.0415692
0.047 -0.032891
0.0473333 -0.0829022
0.0476667 -0.0717076
0.048 -0.0241724
0.0483333 -0.0623538
0.0486667 -0.0909673
0.049 -0.0360997
0.0493333 -0.030834
0.0496667 -0.0632125
0.05 3.29497e-16
0.0503333 0.0632125
0.0506667 0.030834
0.051 0.0360997
0.0513333 0.0909673
0.0516667 0.0623538
0.052 0.0241724
0.0523333 0.0717076
0.0526667 0.0829022
0.053 0.032891
0.0533333 0.0415692
0.0536667 0.0552735
0.054 -0.000832544
0.0543333 -0.0172928
0.0546667 0.0188003
0.055 -2.23546e-16
0.0553333 -0.0188003
0.0556667 0.0172928
0.056 0.000832544
0.0563333 -0.0552735
0.0566667 -0.0415692
0.057 -0.032891
0.0573333 -0.0829022
0.0576667 -0.0717076
0.058 -0.0241724
0.0583333 -0.0623538
0.0586667 -0.0909673
0.059 -0.0360997
0.0593333 -0.030834
0.0596667 -0.0632125
0.06 -1.10527e-15
0.0603333 0.0632125
0.0606667 0.030834
0.061 0.0360997
0.0613333 0.0909673
0.0616667 0.0623538
0.062 0.0241724
0.0623333 0.0717076
0.0626667 0.0829022
0.063 0.032891
0.0633333 0.0415692
0.0636667 0.0552735
0.064 -0.000832544
0.0643333 -0.0172928
0.0646667 0.0188003
0.065 4.64438e-16
0.0653333 -0.0188003
0.0656667 0.0172928
0.066 0.000832544
0.0663333 -0.0552735
0.0666667 -0.0415692
0.067 -0.032891
0.0673333 -0.0829022
0.0676667 -0.0717076
0.068 -0.0241724
0.0683333 -0.0623538
0.0686667 -0.0909673
0.069 -0.0360997
0.0693333 -0.030834
0.0696667 -0.0632125
0.07 1.21163e-15
0.0703333 0.0632125
0.0706667 0.030834
0.071 0.0360997
0.0713333 0.0909673
0.0716667 0.0623538
0.072 0.0241724
0.0723333 0.0717076
0.0726667 0.0829022
0.073 0.032891
0.0733333 0.0415692
0.0736667 0.0552735
0.074 -0.000832544
0.0743333 -0.0172928
0.0746667 0.0188003
0.075 1.15242e-15
0.0753333 -0.0188003
0.0756667 0.0172928
0.076 0.000832544
0.0763333 -0.0552735
0.0766667 -0.0415692
0.077 -0.032891
0.0773333 -0.0829022
0.0776667 -0.0717076
0.078 -0.0241724
0.0783333 -0.0623538
0.0786667 -0.0909673
0.079 -0.0360997
0.0793333 -0.030834
0.0796667 -0.0632125
0.08 -9.05259e-16
0.0803333 0.0632125
0.0806667 0.030834
0.081 0.0360997
0.0813333 0.0909673
0.0816667 0.0623538
0.082 0.0241724
0.0823333 0.0717076
0.0826667 0.0829022
0.083 0.032891
0.0833333 0.0415692
0.0836667 0.0552735
0.084 -0.000832544
0.0843333 -0.0172928
0.0846667 0.0188003
0.085 1.35104e-16
0.0853333 -0.0188003
0.0856667 0.0172928
0.086 0.000832544
0.0863333 -0.0552735
0.0866667 -0.0415692
0.087 -0.032891
0.0873333 -0.0829022
0.0876667 -0.0717076
0.088 -0.0241724
0.0883333 -0.0623538
0.0886667 -0.0909673
0.089 -0.0360997
0.0893333 -0.030834
0.0896667 -0.0632125
0.09 -1.6579e-15
0.0903333 0.0632125
0.0906667 0.030834
0.091 0.0360997
0.0913333 0.0909673
0.0916667 0.0623538
0.092 0.0241724
0.0923333 0.0717076
0.0926667 0.0829022
0.093 0.032891
0.0933333 0.0415692
0.0936667 0.0552735
0.094 -0.000832544
0.0943333 -0.0172928
0.0946667 0.0188003
0.095 8.23089e-16
0.0953333 -0.0188003
0.0956667 0.0172928
0.096 0.000832544
0.0963333 -0.0552735
0.0966667 -0.0415692
0.097 -0.032891
0.0973333 -0.0829022
0.0976667 -0.0717076
0.098 -0.0241724
0.0983333 -0.0623538
0.0986667 -0.0909673
0.099 -0.0360997
0.0993333 -0.030834
0.0996667 -0.0632125
0.1 6.58994e-16
0.100333 0.0632125
0.100667 0.030834
0.101 0.0360997
0.101333 0.0909673
0.101667 0.0623538
0.102 0.0241724
0.102333 0.0717076
0.102667 0.0829022
0.103 0.032891
0.103333 0.0415692
0.103667 0.0552735
0.104 -0.000832544
0.104333 -0.0172928
0.104667 0.0188003
0.105 3.21638e-15
0.105333 -0.0188003
0.105667 0.0172928
0.106 0.000832544
0.106333 -0.0552735
0.106667 -0.0415692
0.107 -0.032891
0.107333 -0.0829022
0.107667 -0.0717076
0.108 -0.0241724
0.108333 -0.0623538
0.108667 -0.0909673
0.109 -0.0360997
0.109333 -0.030834
0.109667 -0.0632125
0.11 1.61165e-15
0.110333 0.0632125
0.110667 0.030834
0.111 0.0360997
0.111333 0.0909673
0.111667 0.0623538
0.112 0.0241724
0.112333 0.0717076
0.112667 0.0829022
0.113 0.032891
0.113333 0.0415692
0.113667 0.0552735
0.114 -0.000832544
0.114333 -0.0172928
0.114667 0.0188003
0.115 -6.99956e-16
0.115333 -0.0188003
0.115667 0.0172928
0.116 0.000832544
0.116333 -0.0552735
0.116667 -0.0415692
0.117 -0.032891
0.117333 -0.0829022
0.117667 -0.0717076
0.118 -0.0241724
0.118333 -0.0623538
0.118667 -0.0909673
0.119 -0.0360997
0.119333 -0.030834
0.119667 -0.0632125
0.12 -2.21054e-15
0.120333 0.0632125
0.120667 0.030834
0.121 0.0360997
0.121333 0.0909673
0.121667 0.0623538
0.122 0.0241724
0.122333 0.0717076
0.122667 0.0829022
0.123 0.032891
0.123333 0.0415692
0.123667 0.0552735
0.124 -0.000832544
0.124333 -0.0172928
0.124667 0.0188003
0.125 1.18174e-15
0.125333 -0.0188003
0.125667 0.0172928
0.126 0.000832544
0.126333 -0.0552735
0.126667 -0.0415692
0.127 -0.032891
0.127333 -0.0829022
0.127667 -0.0717076
0.128 -0.0241724
0.128333 -0.0623538
0.128667 -0.0909673
0.129 -0.0360997
0.129333 -0.030834
0.129667 -0.0632125
0.13 1.06359e-16
0.130333 0.0632125
0.130667 0.030834
0.131 0.0360997
0.131333 0.0909673
0.131667 0.0623538
0.132 0.0241724
0.132333 0.0717076
0.132667 0.0829022
0.133 0.032891
0.133333 0.0415692
0.133667 0.0552735
0.134 -0.000832544
0.134333 -0.0172928
0.134667 0.0188003
0.135 6.76012e-16
0.135333 -0.0188003
0.135667 0.0172928
0.136 0.000832544
0.136333 -0.0552735
0.136667 -0.0415692
0.137 -0.032891
0.137333 -0.0829022
0.137667 -0.0717076
0.138 -0.0241724
0.138333 -0.0623538
0.138667 -0.0909673
0.139 -0.0360997
0.139333 -0.030834
0.139667 -0.0632125
0.14 2.42326e-15
0.140333 0.0632125
0.140667 0.030834
0.141 0.0360997
0.141333 0.0909673
0.141667 0.0623538
0.142 0.0241724
0.142333 0.0717076
0.142667 0.0829022
0.143 0.032891
0.143333 0.0415692
0.143667 0.0552735
0.144 -0.000832544
0.144333 -0.0172928
0.144667 0.0188003
0.145 2.55771e-15
0.145333 -0.0188003
0.145667 0.0172928
0.146 0.000832544
0.146333 -0.0552735
0.146667 -0.0415692
0.147 -0.032891
0.147333 -0.0829022
0.147667 -0.0717076
0.148 -0.0241724
0.148333 -0.0623538
0.148667 -0.0909673
0.149 -0.0360997
0.149333 -0.030834
0.149667 -0.0632125
0.15 -1.39893e-15
0.150333 0.0632125
0.150667 0.030834
0.151 0.0360997
0.151333 0.0909673
0.151667 0.0623538
0.152 0.0241724
0.152333 0.0717076
0.152667 0.0829022
0.153 0.032891
0.153333 0.0415692
0.153667 0.0552735
0.154 -0.000832544
0.154333 -0.0172928
0.154667 0.0188003
0.155 2.05198e-15
0.155333 -0.0188003
0.155667 0.0172928
0.156 0.000832544
0.156333 -0.0552735
0.156667 -0.0415692
0.157 -0.032891
0.157333 -0.0829022
0.157667 -0.0717076
0.158 -0.0241724
0.158333 -0.0623538
0.158667 -0.0909673
0.159 -0.0360997
0.159333 -0.030834
0.159667 -0.0632125
0.16 -1.81052e-15
0.160333 0.0632125
0.160667 0.030834
0.161 0.0360997
0.161333 0.0909673
0.161667 0.0623538
0.162 0.0241724
0.162333 0.0717076
0.162667 0.0829022
0.163 0.032891
0.163333 0.0415692
0.163667 0.0552735
0.164 -0.000832544
0.164333 -0.0172928
0.164667 0.0188003
0.165 5.23073e-16
0.165333 -0.0188003
0.165667 0.0172928
0.166 0.000832544
0.166333 -0.0552735
0.166667 -0.0415692
0.167 -0.032891
0.167333 -0.0829022
0.167667 -0.0717076
0.168 -0.0241724
0.168333 -0.0623538
0.168667 -0.0909673
0.169 -0.0360997
0.169333 -0.030834
0.169667 -0.0632125
0.17 5.06381e-16
0.170333 0.0632125
0.170667 0.030834
0.171 0.0360997
0.171333 0.0909673
0.171667 0.0623538
0.172 0.0241724
0.172333 0.0717076
0.172667 0.0829022
0.173 0.032891
0.173333 0.0415692
0.173667 0.0552735
0.174 -0.000832544
0.174333 -0.0172928
0.174667 0.0188003
0.175 2.40477e-15
0.175333 -0.0188003
0.175667 0.0172928
0.176 0.000832544
0.176333 -0.0552735
0.176667 -0.0415692
0.177 -0.032891
0.177333 -0.0829022
0.177667 -0.0717076
0.178 -0.0241724
0.178333 -0.0623538
0.178667 -0.0909673
0.179 -0.0360997
0.179333 -0.030834
0.179667 -0.0632125
0.18 -3.31581e-15
0.180333 0.0632125
0.180667 0.030834
0.181 0.0360997
0.181333 0.0909673
0.181667 0.0623538
0.182 0.0241724
0.182333 0.0717076
0.182667 0.0829022
0.183 0.032891
0.183333 0.0415692
0.183667 0.0552735
0.184 -0.000832544
0.184333 -0.0172928
0.184667 0.0188003
0.185 1.89904e-15
0.185333 -0.0188003
0.185667 0.0172928
0.186 0.000832544
0.186333 -0.0552735
0.186667 -0.0415692
0.187 -0.032891
0.187333 -0.0829022
0.187667 -0.0717076
0.188 -0.0241724
0.188333 -0.0623538
0.188667 -0.0909673
0.189 -0.0360997
0.189333 -0.030834
0.189667 -0.0632125
0.19 -9.98911e-16
0.190333 0.0632125
0.190667 0.030834
0.191 0.0360997
0.191333 0.0909673
0.191667 0.0623538
0.192 0.0241724
0.192333 0.0717076
0.192667 0.0829022
0.193 0.032891
0.193333 0.0415692
0.193667 0.0552735
0.194 -0.000832544
0.194333 -0.0172928
0.194667 0.0188003
0.195 1.39331e-15
0.195333 -0.0188003
0.195667 0.0172928
0.196 0.000832544
0.196333 -0.0552735
0.196667 -0.0415692
0.197 -0.032891
0.197333 -0.0829022
0.197667 -0.0717076
0.198 -0.0241724
0.198333 -0.0623538
0.198667 -0.0909673
0.199 -0.0360997
0.199333 -0.030834
0.199667 -0.0632125
0.2 1.31799e-15
0.200333 0.0632125
0.200667 0.030834
0.201 0.0360997
0.201333 0.0909673
0.201667 0.0623538
0.202 0.0241724
0.202333 0.0717076
0.202667 0.0829022
0.203 0.032891
0.203333 0.0415692
0.203667 0.0552735
0.204 -0.000832544
0.204333 -0.0172928
0.204667 0.0188003
0.205 5.66243e-15
0.205333 -0.0188003
0.205667 0.0172928
0.206 0.000832544
0.206333 -0.0552735
0.206667 -0.0415692
0.207 -0.032891
0.207333 -0.0829022
0.207667 -0.0717076
0.208 -0.0241724
0.208333 -0.0623538
0.208667 -0.0909673
0.209 -0.0360997
0.209333 -0.030834
0.209667 -0.0632125
0.21 -5.91481e-15
0.210333 0.0632125
0.210667 0.030834
0.211 0.0360997
0.211333 0.0909673
0.211667 0.0623538
0.212 0.0241724
0.212333 0.0717076
0.212667 0.0829022
0.213 0.032891
0.213333 0.0415692
0.213667 0.0552735
0.214 -0.000832544
0.214333 -0.0172928
0.214667 0.0188003
0.215 5.15671e-15
0.215333 -0.0188003
0.215667 0.0172928
0.216 0.000832544
0.216333 -0.0552735
0.216667 -0.0415692
0.217 -0.032891
0.217333 -0.0829022
0.217667 -0.0717076
0.218 -0.0241724
0.218333 -0.0623538
0.218667 -0.0909673
0.219 -0.0360997
0.219333 -0.030834
0.219667 -0.0632125
0.22 3.2233e-15
0.220333 0.0632125
0.220667 0.030834
0.221 0.0360997
0.221333 0.0909673
0.221667 0.0623538
0.222 0.0241724
0.222333 0.0717076
0.222667 0.0829022
0.223 0.032891
0.223333 0.0415692
0.223667 0.0552735
0.224 -0.000832544
0.224333 -0.0172928
0.224667 0.0188003
0.225 -2.17023e-15
0.225333 -0.0188003
0.225667 0.0172928
0.226 0.000832544
0.226333 -0.0552735
0.226667 -0.0415692
0.227 -0.032891
0.227333 -0.0829022
0.227667 -0.0717076
0.228 -0.0241724
0.228333 -0.0623538
0.228667 -0.0909673
0.229 -0.0360997
0.229333 -0.030834
0.229667 -0.0632125
0.23 5.5402e-15
0.230333 0.0632125
0.230667 0.030834
0.231 0.0360997
0.231333 0.0909673
0.231667 0.0623538
0.232 0.0241724
0.232333 0.0717076
0.232667 0.0829022
0.233 0.032891
0.233333 0.0415692
0.233667 0.0552735
0.234 -0.000832544
0.234333 -0.0172928
0.234667 0.0188003
0.235 4.14525e-15
0.235333 -0.0188003
0.235667 0.0172928
0.236 0.000832544
0.236333 -0.0552735
0.236667 -0.0415692
0.237 -0.032891
0.237333 -0.0829022
0.237667 -0.0717076
0.238 -0.0241724
0.238333 -0.0623538
0.238667 -0.0909673
0.239 -0.0360997
0.239333 -0.030834
0.239667 -0.0632125
0.24 -4.42108e-15
0.240333 0.0632125
0.240667 0.030834
0.241 0.0360997
0.241333 0.0909673
0.241667 0.0623538
0.242 0.0241724
0.242333 0.0717076
0.242667 0.0829022
0.243 0.032891
0.243333 0.0415692
0.243667 0.0552735
0.244 -0.000832544
0.244333 -0.0172928
0.244667 0.0188003
0.245 3.63952e-15
0.245333 -0.0188003
0.245667 0.0172928
0.246 0.000832544
0.246333 -0.0552735
0.246667 -0.0415692
0.247 -0.032891
0.247333 -0.0829022
0.247667 -0.0717076
0.248 -0.0241724
0.248333 -0.0623538
0.248667 -0.0909673
0.249 -0.0360997
0.249333 -0.030834
0.249667 -0.0632125
0.25 -2.10418e-15
0.250333 0.0632125
0.250667 0.030834
0.251 0.0360997
0.251333 0.0909673
0.251667 0.0623538
0.252 0.0241724
0.252333 0.0717076
0.252667 0.0829022
0.253 0.032891
0.253333 0.0415692
0.253667 0.0552735
0.254 -0.000832544
0.254333 -0.0172928
0.254667 0.0188003
0.255 1.08743e-15
0.255333 -0.0188003
0.255667 0.0172928
0.256 0.000832544
0.256333 -0.0552735
0.256667 -0.0415692
0.257 -0.032891
0.257333 -0.0829022
0.257667 -0.0717076
0.258 -0.0241724
0.258333 -0.0623538
0.258667 -0.0909673
0.259 -0.0360997
0.259333 -0.030834
0.259667 -0.0632125
0.26 2.12718e-16
0.260333 0.0632125
0.260667 0.030834
0.261 0.0360997
0.261333 0.0909673
0.261667 0.0623538
0.262 0.0241724
0.262333 0.0717076
0.262667 0.0829022
0.263 0.032891
0.263333 0.0415692
0.263667 0.0552735
0.264 -0.000832544
0.264333 -0.0172928
0.264667 0.0188003
0.265 5.81707e-16
0.265333 -0.0188003
0.265667 0.0172928
0.266 0.000832544
0.266333 -0.0552735
0.266667 -0.0415692
0.267 -0.032891
0.267333 -0.0829022
0.267667 -0.0717076
0.268 -0.0241724
0.268333 -0.0623538
0.268667 -0.0909673
0.269 -0.0360997
0.269333 -0.030834
0.269667 -0.0632125
0.27 2.52962e-15
0.270333 0.0632125
0.270667 0.030834
0.271 0.0360997
0.271333 0.0909673
0.271667 0.0623538
0.272 0.0241724
0.272333 0.0717076
0.272667 0.0829022
0.273 0.032891
0.273333 0.0415692
0.273667 0.0552735
0.274 -0.000832544
0.274333 -0.0172928
0.274667 0.0188003
0.275 7.59797e-17
0.275333 -0.0188003
0.275667 0.0172928
0.276 0.000832544
0.276333 -0.0552735
0.276667 -0.0415692
0.277 -0.032891
0.277333 -0.0829022
0.277667 -0.0717076
0.278 -0.0241724
0.278333 -0.0623538
0.278667 -0.0909673
0.279 -0.0360997
0.279333 -0.030834
0.279667 -0.0632125
0.28 4.84652e-15
0.280333 0.0632125
0.280667 0.030834
0.281 0.0360997
0.281333 0.0909673
0.281667 0.0623538
0.282 0.0241724
0.282333 0.0717076
0.282667 0.0829022
0.283 0.032891
0.283333 0.0415692
0.283667 0.0552735
0.284 -0.000832544
0.284333 -0.0172928
0.284667 0.0188003
0.285 4.3451e-15
0.285333 -0.0188003
0.285667 0.0172928
0.286 0.000832544
0.286333 -0.0552735
0.286667 -0.0415692
0.287 -0.032891
0.287333 -0.0829022
0.287667 -0.0717076
0.288 -0.0241724
0.288333 -0.0623538
0.288667 -0.0909673
0.289 -0.0360997
0.289333 -0.030834
0.289667 -0.0632125
0.29 -5.11476e-15
0.290333 0.0632125
0.290667 0.030834
0.291 0.0360997
0.291333 0.0909673
0.291667 0.0623538
0.292 0.0241724
0.292333 0.0717076
0.292667 0.0829022
0.293 0.032891
0.293333 0.0415692
0.293667 0.0552735
0.294 -0.000832544
0.294333 -0.0172928
0.294667 0.0188003
0.295 3.83937e-15
0.295333 -0.0188003
0.295667 0.0172928
0.296 0.000832544
0.296333 -0.0552735
0.296667 -0.0415692
0.297 -0.032891
0.297333 -0.0829022
0.297667 -0.0717076
0.298 -0.0241724
0.298333 -0.0623538
0.298667 -0.0909673
0.299 -0.0360997
0.299333 -0.030834
0.299667 -0.0632125
0.3 -2.79787e-15
0.300333 0.0632125
0.300667 0.030834
0.301 0.0360997
0.301333 0.0909673
0.301667 0.0623538
0.302 0.0241724
0.302333 0.0717076
0.302667 0.0829022
0.303 0.032891
0.303333 0.0415692
0.303667 0.0552735
0.304 -0.000832544
0.304333 -0.0172928
0.304667 0.0188003
0.305 3.33364e-15
0.305333 -0.0188003
0.305667 0.0172928
0.306 0.000832544
0.306333 -0.0552735
0.306667 -0.0415692
0.307 -0.032891
0.307333 -0.0829022
0.307667 -0.0717076
0.308 -0.0241724
0.308333 -0.0623538
0.308667 -0.0909673
0.309 -0.0360997
0.309333 -0.030834
0.309667 -0.0632125
0.31 -4.80966e-16
0.310333 0.0632125
0.310667 0.030834
0.311 0.0360997
0.311333 0.0909673
0.311667 0.0623538
0.312 0.0241724
0.312333 0.0717076
0.312667 0.0829022
0.313 0.032891
0.313333 0.0415692
0.313667 0.0552735
0.314 -0.000832544
0.314333 -0.0172928
0.314667 0.0188003
0.315 2.82792e-15
0.315333 -0.0188003
0.315667 0.0172928
0.316 0.000832544
0.316333 -0.0552735
0.316667 -0.0415692
0.317 -0.032891
0.317333 -0.0829022
0.317667 -0.0717076
0.318 -0.0241724
0.318333 -0.0623538
0.318667 -0.0909673
0.319 -0.0360997
0.319333 -0.030834
0.319667 -0.0632125
0.32 -3.62104e-15
0.320333 0.0632125
0.320667 0.030834
0.321 0.0360997
0.321333 0.0909673
0.321667 0.0623538
0.322 0.0241724
0.322333 0.0717076
0.322667 0.0829022
0.323 0.032891
0.323333 0.0415692
0.323667 0.0552735
0.324 -0.000832544
0.324333 -0.0172928
0.324667 0.0188003
0.325 2.32219e-15
0.325333 -0.0188003
0.325667 0.0172928
0.326 0.000832544
0.326333 -0.0552735
0.326667 -0.0415692
0.327 -0.032891
0.327333 -0.0829022
0.327667 -0.0717076
0.328 -0.0241724
0.328333 -0.0623538
0.328667 -0.0909673
0.329 -0.0360997
0.329333 -0.030834
0.329667 -0.0632125
0.33 -1.30414e-15
0.330333 0.0632125
0.330667 0.030834
0.331 0.0360997
0.331333 0.0909673
0.331667 0.0623538
0.332 0.0241724
0.332333 0.0717076
0.332667 0.0829022
0.333 0.032891
0.333333 0.0415692
0.333667 0.0552735
0.334 -0.000832544
0.334333 -0.0172928
0.334667 0.0188003
0.335 1.81646e-15
0.335333 -0.0188003
0.335667 0.0172928
0.336 0.000832544
0.336333 -0.0552735
0.336667 -0.0415692
0.337 -0.032891
0.337333 -0.0829022
0.337667 -0.0717076
0.338 -0.0241724
0.338333 -0.0623538
0.338667 -0.0909673
0.339 -0.0360997
0.339333 -0.030834
0.339667 -0.0632125
0.34 1.01276e-15
0.340333 0.0632125
0.340667 0.030834
0.341 0.0360997
0.341333 0.0909673
0.341667 0.0623538
0.342 0.0241724
0.342333 0.0717076
0.342667 0.0829022
0.343 0.032891
0.343333 0.0415692
0.343667 0.0552735
0.344 -0.000832544
0.344333 -0.0172928
0.344667 0.0188003
0.345 6.08558e-15
0.345333 -0.0188003
0.345667 0.0172928
0.346 0.000832544
0.346333 -0.0552735
0.346667 -0.0415692
0.347 -0.032891
0.347333 -0.0829022
0.347667 -0.0717076
0.348 -0.0241724
0.348333 -0.0623538
0.348667 -0.0909673
0.349 -0.0360997
0.349333 -0.030834
0.349667 -0.0632125
0.35 -8.94852e-15
0.350333 0.0632125
0.350667 0.030834
0.351 0.0360997
0.351333 0.0909673
0.351667 0.0623538
0.352 0.0241724
0.352333 0.0717076
0.352667 0.0829022
0.353 0.032891
0.353333 0.0415692
0.353667 0.0552735
0.354 -0.000832544
0.354333 -0.0172928
0.354667 0.0188003
0.355 5.57986e-15
0.355333 -0.0188003
0.355667 0.0172928
0.356 0.000832544
0.356333 -0.0552735
0.356667 -0.0415692
0.357 -0.032891
0.357333 -0.0829022
0.357667 -0.0717076
0.358 -0.0241724
0.358333 -0.0623538
0.358667 -0.0909673
0.359 -0.0360997
0.359333 -0.030834
0.359667 -0.0632125
0.36 -6.63162e-15
0.360333 0.0632125
0.360667 0.030834
0.361 0.0360997
0.361333 0.0909673
0.361667 0.0623538
0.362 0.0241724
0.362333 0.0717076
0.362667 0.0829022
0.363 0.032891
0.363333 0.0415692
0.363667 0.0552735
0.364 -0.000832544
0.364333 -0.0172928
0.364667 0.0188003
0.365 1.18953e-14
0.365333 -0.0188003
0.365667 0.0172928
0.366 0.000832544
0.366333 -0.0552735
0.366667 -0.0415692
0.367 -0.032891
0.367333 -0.0829022
0.367667 -0.0717076
0.368 -0.0241724
0.368333 -0.0623538
0.368667 -0.0909673
0.369 -0.0360997
0.369333 -0.030834
0.369667 -0.0632125
0.37 -4.31472e-15
0.370333 0.0632125
0.370667 0.030834
0.371 0.0360997
0.371333 0.0909673
0.371667 0.0623538
0.372 0.0241724
0.372333 0.0717076
0.372667 0.0829022
0.373 0.032891
0.373333 0.0415692
0.373667 0.0552735
0.374 -0.000832544
0.374333 -0.0172928
0.374667 0.0188003
0.375 -4.29917e-15
0.375333 -0.0188003
0.375667 0.0172928
0.376 0.000832544
0.376333 -0.0552735
0.376667 -0.0415692
0.377 -0.032891
0.377333 -0.0829022
0.377667 -0.0717076
0.378 -0.0241724
0.378333 -0.0623538
0.378667 -0.0909673
0.379 -0.0360997
0.379333 -0.030834
0.379667 -0.0632125
0.38 -1.99782e-15
0.380333 0.0632125
0.380667 0.030834
0.381 0.0360997
0.381333 0.0909673
0.381667 0.0623538
0.382 0.0241724
0.382333 0.0717076
0.382667 0.0829022
0.383 0.032891
0.383333 0.0415692
0.383667 0.0552735
0.384 -0.000832544
0.384333 -0.0172928
0.384667 0.0188003
0.385 -4.8049e-15
0.385333 -0.0188003
0.385667 0.0172928
0.386 0.000832544
0.386333 -0.0552735
0.386667 -0.0415692
0.387 -0.032891
0.387333 -0.0829022
0.387667 -0.0717076
0.388 -0.0241724
0.388333 -0.0623538
0.388667 -0.0909673
0.389 -0.0360997
0.389333 -0.030834
0.389667 -0.0632125
0.39 3.19077e-16
0.390333 0.0632125
0.390667 0.030834
0.391 0.0360997
0.391333 0.0909673
0.391667 0.0623538
0.392 0.0241724
0.392333 0.0717076
0.392667 0.0829022
0.393 0.032891
0.393333 0.0415692
0.393667 0.0552735
0.394 -0.000832544
0.394333 -0.0172928
0.394667 0.0188003
0.395 -5.31063e-15
0.395333 -0.0188003
0.395667 0.0172928
0.396 0.000832544
0.396333 -0.0552735
0.396667 -0.0415692
0.397 -0.032891
0.397333 -0.0829022
0.397667 -0.0717076
0.398 -0.0241724
0.398333 -0.0623538
0.398667 -0.0909673
0.399 -0.0360997
0.399333 -0.030834
0.399667 -0.0632125
0.4 2.63598e-15
0.400333 0.0632125
0.400667 0.030834
0.401 0.0360997
0.401333 0.0909673
0.401667 0.0623538
0.402 0.0241724
0.402333 0.0717076
0.402667 0.0829022
0.403 0.032891
0.403333 0.0415692
0.403667 0.0552735
0.404 -0.000832544
0.404333 -0.0172928
0.404667 0.0188003
0.405 -5.81635e-15
0.405333 -0.0188003
0.405667 0.0172928
0.406 0.000832544
0.406333 -0.0552735
0.406667 -0.0415692
0.407 -0.032891
0.407333 -0.0829022
0.407667 -0.0717076
0.408 -0.0241724
0.408333 -0.0623538
0.408667 -0.0909673
0.409 -0.0360997
0.409333 -0.030834
0.409667 -0.0632125
0.41 -1.96035e-14
0.410333 0.0632125
0.410667 0.030834
0.411 0.0360997
0.411333 0.0909673
0.411667 0.0623538
0.412 0.0241724
0.412333 0.0717076
0.412667 0.0829022
0.413 0.032891
0.413333 0.0415692
0.413667 0.0552735
0.414 -0.000832544
0.414333 -0.0172928
0.414667 0.0188003
0.415 7.32034e-15
0.415333 -0.0188003
0.415667 0.0172928
0.416 0.000832544
0.416333 -0.0552735
0.416667 -0.0415692
0.417 -0.032891
0.417333 -0.0829022
0.417667 -0.0717076
0.418 -0.0241724
0.418333 -0.0623538
0.418667 -0.0909673
0.419 -0.0360997
0.419333 -0.030834
0.419667 -0.0632125
0.42 -1.18296e-14
0.420333 0.0632125
0.420667 0.030834
0.421 0.0360997
0.421333 0.0909673
0.421667 0.0623538
0.422 0.0241724
0.422333 0.0717076
0.422667 0.0829022
0.423 0.032891
0.423333 0.0415692
0.423667 0.0552735
0.424 -0.000832544
0.424333 -0.0172928
0.424667 0.0188003
0.425 4.76825e-15
0.425333 -0.0188003
0.425667 0.0172928
0.426 0.000832544
0.426333 -0.0552735
0.426667 -0.0415692
0.427 -0.032891
0.427333 -0.0829022
0.427667 -0.0717076
0.428 -0.0241724
0.428333 -0.0623538
0.428667 -0.0909673
0.429 -0.0360997
0.429333 -0.030834
0.429667 -0.0632125
0.43 -1.49697e-14
0.430333 0.0632125
0.430667 0.030834
0.431 0.0360997
0.431333 0.0909673
0.431667 0.0623538
0.432 0.0241724
0.432333 0.0717076
0.432667 0.0829022
0.433 0.032891
0.433333 0.0415692
0.433667 0.0552735
0.434 -0.000832544
0.434333 -0.0172928
0.434667 0.0188003
0.435 6.30888e-15
0.435333 -0.0188003
0.435667 0.0172928
0.436 0.000832544
0.436333 -0.0552735
0.436667 -0.0415692
0.437 -0.032891
0.437333 -0.0829022
0.437667 -0.0717076
0.438 -0.0241724
0.438333 -0.0623538
0.438667 -0.0909673
0.439 -0.0360997
0.439333 -0.030834
0.439667 -0.0632125
0.44 6.4466e-15
0.440333 0.0632125
0.440667 0.030834
0.441 0.0360997
0.441333 0.0909673
0.441667 0.0623538
0.442 0.0241724
0.442333 0.0717076
0.442667 0.0829022
0.443 0.032891
0.443333 0.0415692
0.443667 0.0552735
0.444 -0.000832544
0.444333 -0.0172928
0.444667 0.0188003
0.445 3.75679e-15
0.445333 -0.0188003
0.445667 0.0172928
0.446 0.000832544
0.446333 -0.0552735
0.446667 -0.0415692
0.447 -0.032891
0.447333 -0.0829022
0.447667 -0.0717076
0.448 -0.0241724
0.448333 -0.0623538
0.448667 -0.0909673
0.449 -0.0360997
0.449333 -0.030834
0.449667 -0.0632125
0.45 3.30653e-15
0.450333 0.0632125
0.450667 0.030834
0.451 0.0360997
0.451333 0.0909673
0.451667 0.0623538
0.452 0.0241724
0.452333 0.0717076
0.452667 0.0829022
0.453 0.032891
0.453333 0.0415692
0.453667 0.0552735
0.454 -0.000832544
0.454333 -0.0172928
0.454667 0.0188003
0.455 1.2047e-15
0.455333 -0.0188003
0.455667 0.0172928
0.456 0.000832544
0.456333 -0.0552735
0.456667 -0.0415692
0.457 -0.032891
0.457333 -0.0829022
0.457667 -0.0717076
0.458 -0.0241724
0.458333 -0.0623538
0.458667 -0.0909673
0.459 -0.0360997
0.459333 -0.030834
0.459667 -0.0632125
0.46 1.10804e-14
0.460333 0.0632125
0.460667 0.030834
0.461 0.0360997
0.461333 0.0909673
0.461667 0.0623538
0.462 0.0241724
0.462333 0.0717076
0.462667 0.0829022
0.463 0.032891
0.463333 0.0415692
0.463667 0.0552735
0.464 -0.000832544
0.464333 -0.0172928
0.464667 0.0188003
0.465 2.74534e-15
0.465333 -0.0188003
0.465667 0.0172928
0.466 0.000832544
0.466333 -0.0552735
0.466667 -0.0415692
0.467 -0.032891
0.467333 -0.0829022
0.467667 -0.0717076
0.468 -0.0241724
0.468333 -0.0623538
0.468667 -0.0909673
0.469 -0.0360997
0.469333 -0.030834
0.469667 -0.0632125
0.47 -5.70209e-15
0.470333 0.0632125
0.470667 0.030834
0.471 0.0360997
0.471333 0.0909673
0.471667 0.0623538
0.472 0.0241724
0.472333 0.0717076
0.472667 0.0829022
0.473 0.032891
0.473333 0.0415692
0.473667 0.0552735
0.474 -0.000832544
0.474333 -0.0172928
0.474667 0.0188003
0.475 1.38357e-14
0.475333 -0.0188003
0.475667 0.0172928
0.476 0.000832544
0.476333 -0.0552735
0.476667 -0.0415692
0.477 -0.032891
0.477333 -0.0829022
0.477667 -0.0717076
0.478 -0.0241724
0.478333 -0.0623538
0.478667 -0.0909673
0.479 -0.0360997
0.479333 -0.030834
0.479667 -0.0632125
0.48 -8.84216e-15
0.480333 0.0632125
0.480667 0.030834
0.481 0.0360997
0.481333 0.0909673
0.481667 0.0623538
0.482 0.0241724
0.482333 0.0717076
0.482667 0.0829022
0.483 0.032891
0.483333 0.0415692
0.483667 0.0552735
0.484 -0.000832544
0.484333 -0.0172928
0.484667 0.0188003
0.485 1.12836e-14
0.485333 -0.0188003
0.485667 0.0172928
0.486 0.000832544
0.486333 -0.0552735
0.486667 -0.0415692
0.487 -0.032891
0.487333 -0.0829022
0.487667 -0.0717076
0.488 -0.0241724
0.488333 -0.0623538
0.488667 -0.0909673
0.489 -0.0360997
0.489333 -0.030834
0.489667 -0.0632125
0.49 -1.06829e-15
0.490333 0.0632125
0.490667 0.030834
0.491 0.0360997
0.491333 0.0909673
0.491667 0.0623538
0.492 0.0241724
0.492333 0.0717076
0.492667 0.0829022
0.493 0.032891
0.493333 0.0415692
0.493667 0.0552735
0.494 -0.000832544
0.494333 -0.0172928
0.494667 0.0188003
0.495 1.28242e-14
0.495333 -0.0188003
0.495667 0.0172928
0.496 0.000832544
0.496333 -0.0552735
0.496667 -0.0415692
0.497 -0.032891
0.497333 -0.0829022
0.497667 -0.0717076
0.498 -0.0241724
0.498333 -0.0623538
0.498667 -0.0909673
0.499 -0.0360997
0.499333 -0.030834
0.499667 -0.0632125
0.5 -4.20836e-15
0.500333 0.0632125
0.500667 0.030834
0.501 0.0360997
0.501333 0.0909673
0.501667 0.0623538
0.502 0.0241724
0.502333 0.0717076
0.502667 0.0829022
0.503 0.032891
0.503333 0.0415692
0.503667 0.0552735
0.504 -0.000832544
0.504333 -0.0172928
0.504667 0.0188003
0.505 -3.3703e-15
0.505333 -0.0188003
0.505667 0.0172928
0.506 0.000832544
0.506333 -0.0552735
0.506667 -0.0415692
0.507 -0.032891
0.507333 -0.0829022
0.507667 -0.0717076
0.508 -0.0241724
0.508333 -0.0623538
0.508667 -0.0909673
0.509 -0.0360997
0.509333 -0.030834
0.509667 -0.0632125
0.51 -7.34843e-15
0.510333 0.0632125
0.510667 0.030834
0.511 0.0360997
0.511333 0.0909673
0.511667 0.0623538
0.512 0.0241724
0.512333 0.0717076
0.512667 0.0829022
0.513 0.032891
0.513333 0.0415692
0.513667 0.0552735
0.514 -0.000832544
0.514333 -0.0172928
0.514667 0.0188003
0.515 -1.82966e-15
0.515333 -0.0188003
0.515667 0.0172928
0.516 0.000832544
0.516333 -0.0552735
0.516667 -0.0415692
0.517 -0.032891
0.517333 -0.0829022
0.517667 -0.0717076
0.518 -0.0241724
0.518333 -0.0623538
0.518667 -0.0909673
0.519 -0.0360997
0.519333 -0.030834
0.519667 -0.0632125
0.52 4.25437e-16
0.520333 0.0632125
0.520667 0.030834
0.521 0.0360997
0.521333 0.0909673
0.521667 0.0623538
0.522 0.0241724
0.522333 0.0717076
0.522667 0.0829022
0.523 0.032891
0.523333 0.0415692
0.523667 0.0552735
0.524 -0.000832544
0.524333 -0.0172928
0.524667 0.0188003
0.525 -4.38175e-15
0.525333 -0.0188003
0.525667 0.0172928
0.526 0.000832544
0.526333 -0.0552735
0.526667 -0.0415692
0.527 -0.032891
0.527333 -0.0829022
0.527667 -0.0717076
0.528 -0.0241724
0.528333 -0.0623538
0.528667 -0.0909673
0.529 -0.0360997
0.529333 -0.030834
0.529667 -0.0632125
0.53 -2.71463e-15
0.530333 0.0632125
0.530667 0.030834
0.531 0.0360997
0.531333 0.0909673
0.531667 0.0623538
0.532 0.0241724
0.532333 0.0717076
0.532667 0.0829022
0.533 0.032891
0.533333 0.0415692
0.533667 0.0552735
0.534 -0.000832544
0.534333 -0.0172928
0.534667 0.0188003
0.535 -2.84112e-15
0.535333 -0.0188003
0.535667 0.0172928
0.536 0.000832544
0.536333 -0.0552735
0.536667 -0.0415692
0.537 -0.032891
0.537333 -0.0829022
0.537667 -0.0717076
0.538 -0.0241724
0.538333 -0.0623538
0.538667 -0.0909673
0.539 -0.0360997
0.539333 -0.030834
0.539667 -0.0632125
0.54 5.05923e-15
0.540333 0.0632125
0.540667 0.030834
0.541 0.0360997
0.541333 0.0909673
0.541667 0.0623538
0.542 0.0241724
0.542333 0.0717076
0.542667 0.0829022
0.543 0.032891
0.543333 0.0415692
0.543667 0.0552735
0.544 -0.000832544
0.544333 -0.0172928
0.544667 0.0188003
0.545 -5.39321e-15
0.545333 -0.0188003
0.545667 0.0172928
0.546 0.000832544
0.546333 -0.0552735
0.546667 -0.0415692
0.547 -0.032891
0.547333 -0.0829022
0.547667 -0.0717076
0.548 -0.0241724
0.548333 -0.0623538
0.548667 -0.0909673
0.549 -0.0360997
0.549333 -0.030834
0.549667 -0.0632125
0.55 1.91916e-15
0.550333 0.0632125
0.550667 0.030834
0.551 0.0360997
0.551333 0.0909673
0.551667 0.0623538
0.552 0.0241724
0.552333 0.0717076
0.552667 0.0829022
0.553 0.032891
0.553333 0.0415692
0.553667 0.0552735
0.554 -0.000832544
0.554333 -0.0172928
0.554667 0.0188003
0.555 -3.85257e-15
0.555333 -0.0188003
0.555667 0.0172928
0.556 0.000832544
0.556333 -0.0552735
0.556667 -0.0415692
0.557 -0.032891
0.557333 -0.0829022
0.557667 -0.0717076
0.558 -0.0241724
0.558333 -0.0623538
0.558667 -0.0909673
0.559 -0.0360997
0.559333 -0.030834
0.559667 -0.0632125
0.56 9.69303e-15
0.560333 0.0632125
0.560667 0.030834
0.561 0.0360997
0.561333 0.0909673
0.561667 0.0623538
0.562 0.0241724
0.562333 0.0717076
0.562667 0.0829022
0.563 0.032891
0.563333 0.0415692
0.563667 0.0552735
0.564 -0.000832544
0.564333 -0.0172928
0.564667 0.0188003
0.565 1.67875e-14
0.565333 -0.0188003
0.565667 0.0172928
0.566 0.000832544
0.566333 -0.0552735
0.566667 -0.0415692
0.567 -0.032891
0.567333 -0.0829022
0.567667 -0.0717076
0.568 -0.0241724
0.568333 -0.0623538
0.568667 -0.0909673
0.569 -0.0360997
0.569333 -0.030834
0.569667 -0.0632125
0.57 -1.80034e-14
0.570333 0.0632125
0.570667 0.030834
0.571 0.0360997
0.571333 0.0909673
0.571667 0.0623538
0.572 0.0241724
0.572333 0.0717076
0.572667 0.0829022
0.573 0.032891
0.573333 0.0415692
0.573667 0.0552735
0.574 -0.000832544
0.574333 -0.0172928
0.574667 0.0188003
0.575 1.42354e-14
0.575333 -0.0188003
0.575667 0.0172928
0.576 0.000832544
0.576333 -0.0552735
0.576667 -0.0415692
0.577 -0.032891
0.577333 -0.0829022
0.577667 -0.0717076
0.578 -0.0241724
0.578333 -0.0623538
0.578667 -0.0909673
0.579 -0.0360997
0.579333 -0.030834
0.579667 -0.0632125
0.58 -1.02295e-14
0.580333 0.0632125
0.580667 0.030834
0.581 0.0360997
0.581333 0.0909673
0.581667 0.0623538
0.582 0.0241724
0.582333 0.0717076
0.582667 0.0829022
0.583 0.032891
0.583333 0.0415692
0.583667 0.0552735
0.584 -0.000832544
0.584333 -0.0172928
0.584667 0.0188003
0.585 1.5776e-14
0.585333 -0.0188003
0.585667 0.0172928
0.586 0.000832544
0.586333 -0.0552735
0.586667 -0.0415692
0.587 -0.032891
0.587333 -0.0829022
0.587667 -0.0717076
0.588 -0.0241724
0.588333 -0.0623538
0.588667 -0.0909673
0.589 -0.0360997
0.589333 -0.030834
0.589667 -0.0632125
0.59 -1.33696e-14
0.590333 0.0632125
0.590667 0.030834
0.591 0.0360997
0.591333 0.0909673
0.591667 0.0623538
0.592 0.0241724
0.592333 0.0717076
0.592667 0.0829022
0.593 0.032891
0.593333 0.0415692
0.593667 0.0552735
0.594 -0.000832544
0.594333 -0.0172928
0.594667 0.0188003
0.595 1.32239e-14
0.595333 -0.0188003
0.595667 0.0172928
0.596 0.000832544
0.596333 -0.0552735
0.596667 -0.0415692
0.597 -0.032891
0.597333 -0.0829022
0.597667 -0.0717076
0.598 -0.0241724
0.598333 -0.0623538
0.598667 -0.0909673
0.599 -0.0360997
0.599333 -0.030834
0.599667 -0.0632125
0.6 -5.59573e-15
0.600333 0.0632125
0.600667 0.030834
0.601 0.0360997
0.601333 0.0909673
0.601667 0.0623538
0.602 0.0241724
0.602333 0.0717076
0.602667 0.0829022
0.603 0.032891
0.603333 0.0415692
0.603667 0.0552735
0.604 -0.000832544
0.604333 -0.0172928
0.604667 0.0188003
0.605 1.47645e-14
0.605333 -0.0188003
0.605667 0.0172928
0.606 0.000832544
0.606333 -0.0552735
0.606667 -0.0415692
0.607 -0.032891
0.607333 -0.0829022
0.607667 -0.0717076
0.608 -0.0241724
0.608333 -0.0623538
0.608667 -0.0909673
0.609 -0.0360997
0.609333 -0.030834
0.609667 -0.0632125
0.61 -8.7358e-15
0.610333 0.0632125
0.610667 0.030834
0.611 0.0360997
0.611333 0.0909673
0.611667 0.0623538
0.612 0.0241724
0.612333 0.0717076
0.612667 0.0829022
0.613 0.032891
0.613333 0.0415692
0.613667 0.0552735
0.614 -0.000832544
0.614333 -0.0172928
0.614667 0.0188003
0.615 1.22125e-14
0.615333 -0.0188003
0.615667 0.0172928
0.616 0.000832544
0.616333 -0.0552735
0.616667 -0.0415692
0.617 -0.032891
0.617333 -0.0829022
0.617667 -0.0717076
0.618 -0.0241724
0.618333 -0.0623538
0.618667 -0.0909673
0.619 -0.0360997
0.619333 -0.030834
0.619667 -0.0632125
0.62 -9.61932e-16
0.620333 0.0632125
0.620667 0.030834
0.621 0.0360997
0.621333 0.0909673
0.621667 0.0623538
0.622 0.0241724
0.622333 0.0717076
0.622667 0.0829022
0.623 0.032891
0.623333 0.0415692
0.623667 0.0552735
0.624 -0.000832544
0.624333 -0.0172928
0.624667 0.0188003
0.625 1.37531e-14
0.625333 -0.0188003
0.625667 0.0172928
0.626 0.000832544
0.626333 -0.0552735
0.626667 -0.0415692
0.627 -0.032891
0.627333 -0.0829022
0.627667 -0.0717076
0.628 -0.0241724
0.628333 -0.0623538
0.628667 -0.0909673
0.629 -0.0360997
0.629333 -0.030834
0.629667 -0.0632125
0.63 -4.102e-15
0.630333 0.0632125
0.630667 0.030834
0.631 0.0360997
0.631333 0.0909673
0.631667 0.0623538
0.632 0.0241724
0.632333 0.0717076
0.632667 0.0829022
0.633 0.032891
0.633333 0.0415692
0.633667 0.0552735
0.634 -0.000832544
0.634333 -0.0172928
0.634667 0.0188003
0.635 -2.44142e-15
0.635333 -0.0188003
0.635667 0.0172928
0.636 0.000832544
0.636333 -0.0552735
0.636667 -0.0415692
0.637 -0.032891
0.637333 -0.0829022
0.637667 -0.0717076
0.638 -0.0241724
0.638333 -0.0623538
0.638667 -0.0909673
0.639 -0.0360997
0.639333 -0.030834
0.639667 -0.0632125
0.64 -7.24207e-15
0.640333 0.0632125
0.640667 0.030834
0.641 0.0360997
0.641333 0.0909673
0.641667 0.0623538
0.642 0.0241724
0.642333 0.0717076
0.642667 0.0829022
0.643 0.032891
0.643333 0.0415692
0.643667 0.0552735
0.644 -0.000832544
0.644333 -0.0172928
0.644667 0.0188003
0.645 -9.00784e-16
0.645333 -0.0188003
0.645667 0.0172928
0.646 0.000832544
0.646333 -0.0552735
0.646667 -0.0415692
0.647 -0.032891
0.647333 -0.0829022
0.647667 -0.0717076
0.648 -0.0241724
0.648333 -0.0623538
0.648667 -0.0909673
0.649 -0.0360997
0.649333 -0.030834
0.649667 -0.0632125
0.65 5.31796e-16
0.650333 0.0632125
0.650667 0.030834
0.651 0.0360997
0.651333 0.0909673
0.651667 0.0623538
0.652 0.0241724
0.652333 0.0717076
0.652667 0.0829022
0.653 0.032891
0.653333 0.0415692
0.653667 0.0552735
0.654 -0.000832544
0.654333 -0.0172928
0.654667 0.0188003
0.655 -3.45287e-15
0.655333 -0.0188003
0.655667 0.0172928
0.656 0.000832544
0.656333 -0.0552735
0.656667 -0.0415692
0.657 -0.032891
0.657333 -0.0829022
0.657667 -0.0717076
0.658 -0.0241724
0.658333 -0.0623538
0.658667 -0.0909673
0.659 -0.0360997
0.659333 -0.030834
0.659667 -0.0632125
0.66 -2.60827e-15
0.660333 0.0632125
0.660667 0.030834
0.661 0.0360997
0.661333 0.0909673
0.661667 0.0623538
0.662 0.0241724
0.662333 0.0717076
0.662667 0.0829022
0.663 0.032891
0.663333 0.0415692
0.663667 0.0552735
0.664 -0.000832544
0.664333 -0.0172928
0.664667 0.0188003
0.665 -1.91224e-15
0.665333 -0.0188003
0.665667 0.0172928
0.666 0.000832544
0.666333 -0.0552735
0.666667 -0.0415692
0.667 -0.032891
0.667333 -0.0829022
0.667667 -0.0717076
0.668 -0.0241724
0.668333 -0.0623538
0.668667 -0.0909673
0.669 -0.0360997
0.669333 -0.030834
0.669667 -0.0632125
0.67 5.16559e-15
0.670333 0.0632125
0.670667 0.030834
0.671 0.0360997
0.671333 0.0909673
0.671667 0.0623538
0.672 0.0241724
0.672333 0.0717076
0.672667 0.0829022
0.673 0.032891
0.673333 0.0415692
0.673667 0.0552735
0.674 -0.000832544
0.674333 -0.0172928
0.674667 0.0188003
0.675 -4.46433e-15
0.675333 -0.0188003
0.675667 0.0172928
0.676 0.000832544
0.676333 -0.0552735
0.676667 -0.0415692
0.677 -0.032891
0.677333 -0.0829022
0.677667 -0.0717076
0.678 -0.0241724
0.678333 -0.0623538
0.678667 -0.0909673
0.679 -0.0360997
0.679333 -0.030834
0.679667 -0.0632125
0.68 2.02552e-15
0.680333 0.0632125
0.680667 0.030834
0.681 0.0360997
0.681333 0.0909673
0.681667 0.0623538
0.682 0.0241724
0.682333 0.0717076
0.682667 0.0829022
0.683 0.032891
0.683333 0.0415692
0.683667 0.0552735
0.684 -0.000832544
0.684333 -0.0172928
0.684667 0.0188003
0.685 -2.92369e-15
0.685333 -0.0188003
0.685667 0.0172928
0.686 0.000832544
0.686333 -0.0552735
0.686667 -0.0415692
0.687 -0.032891
0.687333 -0.0829022
0.687667 -0.0717076
0.688 -0.0241724
0.688333 -0.0623538
0.688667 -0.0909673
0.689 -0.0360997
0.689333 -0.030834
0.689667 -0.0632125
0.69 -1.4757e-14
0.690333 0.0632125
0.690667 0.030834
0.691 0.0360997
0.691333 0.0909673
0.691667 0.0623538
0.692 0.0241724
0.692333 0.0717076
0.692667 0.0829022
0.693 0.032891
0.693333 0.0415692
0.693667 0.0552735
0.694 -0.000832544
0.694333 -0.0172928
0.694667 0.0188003
0.695 1.77163e-14
0.695333 -0.0188003
0.695667 0.0172928
0.696 0.000832544
0.696333 -0.0552735
0.696667 -0.0415692
0.697 -0.032891
0.697333 -0.0829022
0.697667 -0.0717076
0.698 -0.0241724
0.698333 -0.0623538
0.698667 -0.0909673
0.699 -0.0360997
0.699333 -0.030834
0.699667 -0.0632125
0.7 -1.7897e-14
0.700333 0.0632125
0.700667 0.030834
0.701 0.0360997
0.701333 0.0909673
0.701667 0.0623538
0.702 0.0241724
0.702333 0.0717076
0.702667 0.0829022
0.703 0.032891
0.703333 0.0415692
0.703667 0.0552735
0.704 -0.000832544
0.704333 -0.0172928
0.704667 0.0188003
0.705 1.51642e-14
0.705333 -0.0188003
0.705667 0.0172928
0.706 0.000832544
0.706333 -0.0552735
0.706667 -0.0415692
0.707 -0.032891
0.707333 -0.0829022
0.707667 -0.0717076
0.708 -0.0241724
0.708333 -0.0623538
0.708667 -0.0909673
0.709 -0.0360997
0.709333 -0.030834
0.709667 -0.0632125
0.71 -1.01232e-14
0.710333 0.0632125
0.710667 0.030834
0.711 0.0360997
0.711333 0.0909673
0.711667 0.0623538
0.712 0.0241724
0.712333 0.0717076
0.712667 0.0829022
0.713 0.032891
0.713333 0.0415692
0.713667 0.0552735
0.714 -0.000832544
0.714333 -0.0172928
0.714667 0.0188003
0.715 1.67049e-14
0.715333 -0.0188003
0.715667 0.0172928
0.716 0.000832544
0.716333 -0.0552735
0.716667 -0.0415692
0.717 -0.032891
0.717333 -0.0829022
0.717667 -0.0717076
0.718 -0.0241724
0.718333 -0.0623538
0.718667 -0.0909673
0.719 -0.0360997
0.719333 -0.030834
0.719667 -0.0632125
0.72 -1.32632e-14
0.720333 0.0632125
0.720667 0.030834
0.721 0.0360997
0.721333 0.0909673
0.721667 0.0623538
0.722 0.0241724
0.722333 0.0717076
0.722667 0.0829022
0.723 0.032891
0.723333 0.0415692
0.723667 0.0552735
0.724 -0.000832544
0.724333 -0.0172928
0.724667 0.0188003
0.725 5.10365e-16
0.725333 -0.0188003
0.725667 0.0172928
0.726 0.000832544
0.726333 -0.0552735
0.726667 -0.0415692
0.727 -0.032891
0.727333 -0.0829022
0.727667 -0.0717076
0.728 -0.0241724
0.728333 -0.0623538
0.728667 -0.0909673
0.729 -0.0360997
0.729333 -0.030834
0.729667 -0.0632125
0.73 -1.91318e-14
0.730333 0.0632125
0.730667 0.030834
0.731 0.0360997
0.731333 0.0909673
0.731667 0.0623538
0.732 0.0241724
0.732333 0.0717076
0.732667 0.0829022
0.733 0.032891
0.733333 0.0415692
0.733667 0.0552735
0.734 -0.000832544
0.734333 -0.0172928
0.734667 0.0188003
0.735 1.56934e-14
0.735333 -0.0188003
0.735667 0.0172928
0.736 0.000832544
0.736333 -0.0552735
0.736667 -0.0415692
0.737 -0.032891
0.737333 -0.0829022
0.737667 -0.0717076
0.738 -0.0241724
0.738333 -0.0623538
0.738667 -0.0909673
0.739 -0.0360997
0.739333 -0.030834
0.739667 -0.0632125
0.74 -8.62944e-15
0.740333 0.0632125
0.740667 0.030834
0.741 0.0360997
0.741333 0.0909673
0.741667 0.0623538
0.742 0.0241724
0.742333 0.0717076
0.742667 0.0829022
0.743 0.032891
0.743333 0.0415692
0.743667 0.0552735
0.744 -0.000832544
0.744333 -0.0172928
0.744667 0.0188003
0.745 -5.01089e-16
0.745333 -0.0188003
0.745667 0.0172928
0.746 0.000832544
0.746333 -0.0552735
0.746667 -0.0415692
0.747 -0.032891
0.747333 -0.0829022
0.747667 -0.0717076
0.748 -0.0241724
0.748333 -0.0623538
0.748667 -0.0909673
0.749 -0.0360997
0.749333 -0.030834
0.749667 -0.0632125
0.75 1.87291e-15
0.750333 0.0632125
0.750667 0.030834
0.751 0.0360997
0.751333 0.0909673
0.751667 0.0623538
0.752 0.0241724
0.752333 0.0717076
0.752667 0.0829022
0.753 0.032891
0.753333 0.0415692
0.753667 0.0552735
0.754 -0.000832544
0.754333 -0.0172928
0.754667 0.0188003
0.755 1.4682e-14
0.755333 -0.0188003
0.755667 0.0172928
0.756 0.000832544
0.756333 -0.0552735
0.756667 -0.0415692
0.757 -0.032891
0.757333 -0.0829022
0.757667 -0.0717076
0.758 -0.0241724
0.758333 -0.0623538
0.758667 -0.0909673
0.759 -0.0360997
0.759333 -0.030834
0.759667 -0.0632125
0.76 -3.99564e-15
0.760333 0.0632125
0.760667 0.030834
0.761 0.0360997
0.761333 0.0909673
0.761667 0.0623538
0.762 0.0241724
0.762333 0.0717076
0.762667 0.0829022
0.763 0.032891
0.763333 0.0415692
0.763667 0.0552735
0.764 -0.000832544
0.764333 -0.0172928
0.764667 0.0188003
0.765 -1.51254e-15
0.765333 -0.0188003
0.765667 0.0172928
0.766 0.000832544
0.766333 -0.0552735
0.766667 -0.0415692
0.767 -0.032891
0.767333 -0.0829022
0.767667 -0.0717076
0.768 -0.0241724
0.768333 -0.0623538
0.768667 -0.0909673
0.769 -0.0360997
0.769333 -0.030834
0.769667 -0.0632125
0.77 6.50671e-15
0.770333 0.0632125
0.770667 0.030834
0.771 0.0360997
0.771333 0.0909673
0.771667 0.0623538
0.772 0.0241724
0.772333 0.0717076
0.772667 0.0829022
0.773 0.032891
0.773333 0.0415692
0.773667 0.0552735
0.774 -0.000832544
0.774333 -0.0172928
0.774667 0.0188003
0.775 1.36705e-14
0.775333 -0.0188003
0.775667 0.0172928
0.776 0.000832544
0.776333 -0.0552735
0.776667 -0.0415692
0.777 -0.032891
0.777333 -0.0829022
0.777667 -0.0717076
0.778 -0.0241724
0.778333 -0.0623538
0.778667 -0.0909673
0.779 -0.0360997
0.779333 -0.030834
0.779667 -0.0632125
0.78 6.38155e-16
0.780333 0.0632125
0.780667 0.030834
0.781 0.0360997
0.781333 0.0909673
0.781667 0.0623538
0.782 0.0241724
0.782333 0.0717076
0.782667 0.0829022
0.783 0.032891
0.783333 0.0415692
0.783667 0.0552735
0.784 -0.000832544
0.784333 -0.0172928
0.784667 0.0188003
0.785 -2.524e-15
0.785333 -0.0188003
0.785667 0.0172928
0.786 0.000832544
0.786333 -0.0552735
0.786667 -0.0415692
0.787 -0.032891
0.787333 -0.0829022
0.787667 -0.0717076
0.788 -0.0241724
0.788333 -0.0623538
0.788667 -0.0909673
0.789 -0.0360997
0.789333 -0.030834
0.789667 -0.0632125
0.79 1.11405e-14
0.790333 0.0632125
0.790667 0.030834
0.791 0.0360997
0.791333 0.0909673
0.791667 0.0623538
0.792 0.0241724
0.792333 0.0717076
0.792667 0.0829022
0.793 0.032891
0.793333 0.0415692
0.793667 0.0552735
0.794 -0.000832544
0.794333 -0.0172928
0.794667 0.0188003
0.795 1.26591e-14
0.795333 -0.0188003
0.795667 0.0172928
0.796 0.000832544
0.796333 -0.0552735
0.796667 -0.0415692
0.797 -0.032891
0.797333 -0.0829022
0.797667 -0.0717076
0.798 -0.0241724
0.798333 -0.0623538
0.798667 -0.0909673
0.799 -0.0360997
0.799333 -0.030834
0.799667 -0.0632125
0.8 5.27195e-15
0.800333 0.0632125
0.800667 0.030834
0.801 0.0360997
0.801333 0.0909673
0.801667 0.0623538
0.802 0.0241724
0.802333 0.0717076
0.802667 0.0829022
0.803 0.032891
0.803333 0.0415692
0.803667 0.0552735
0.804 -0.000832544
0.804333 -0.0172928
0.804667 0.0188003
0.805 -3.53545e-15
0.805333 -0.0188003
0.805667 0.0172928
0.806 0.000832544
0.806333 -0.0552735
0.806667 -0.0415692
0.807 -0.032891
0.807333 -0.0829022
0.807667 -0.0717076
0.808 -0.0241724
0.808333 -0.0623538
0.808667 -0.0909673
0.809 -0.0360997
0.809333 -0.030834
0.809667 -0.0632125
0.81 1.57743e-14
0.810333 0.0632125
0.810667 0.030834
0.811 0.0360997
0.811333 0.0909673
0.811667 0.0623538
0.812 0.0241724
0.812333 0.0717076
0.812667 0.0829022
0.813 0.032891
0.813333 0.0415692
0.813667 0.0552735
0.814 -0.000832544
0.814333 -0.0172928
0.814667 0.0188003
0.815 3.46215e-15
0.815333 -0.0188003
0.815667 0.0172928
0.816 0.000832544
0.816333 -0.0552735
0.816667 -0.0415692
0.817 -0.032891
0.817333 -0.0829022
0.817667 -0.0717076
0.818 -0.0241724
0.818333 -0.0623538
0.818667 -0.0909673
0.819 -0.0360997
0.819333 -0.030834
0.819667 -0.0632125
0.82 -3.9207e-14
0.820333 0.0632125
0.820667 0.030834
0.821 0.0360997
0.821333 0.0909673
0.821667 0.0623538
0.822 0.0241724
0.822333 0.0717076
0.822667 0.0829022
0.823 0.032891
0.823333 0.0415692
0.823667 0.0552735
0.824 -0.000832544
0.824333 -0.0172928
0.824667 0.0188003
0.825 1.45525e-14
0.825333 -0.0188003
0.825667 0.0172928
0.826 0.000832544
0.826333 -0.0552735
0.826667 -0.0415692
0.827 -0.032891
0.827333 -0.0829022
0.827667 -0.0717076
0.828 -0.0241724
0.828333 -0.0623538
0.828667 -0.0909673
0.829 -0.0360997
0.829333 -0.030834
0.829667 -0.0632125
0.83 -6.87674e-15
0.830333 0.0632125
0.830667 0.030834
0.831 0.0360997
0.831333 0.0909673
0.831667 0.0623538
0.832 0.0241724
0.832333 0.0717076
0.832667 0.0829022
0.833 0.032891
0.833333 0.0415692
0.833667 0.0552735
0.834 -0.000832544
0.834333 -0.0172928
0.834667 0.0188003
0.835 6.54342e-15
0.835333 -0.0188003
0.835667 0.0172928
0.836 0.000832544
0.836333 -0.0552735
0.836667 -0.0415692
0.837 -0.032891
0.837333 -0.0829022
0.837667 -0.0717076
0.838 -0.0241724
0.838333 -0.0623538
0.838667 -0.0909673
0.839 -0.0360997
0.839333 -0.030834
0.839667 -0.0632125
0.84 -2.36592e-14
0.840333 0.0632125
0.840667 0.030834
0.841 0.0360997
0.841333 0.0909673
0.841667 0.0623538
0.842 0.0241724
0.842333 0.0717076
0.842667 0.0829022
0.843 0.032891
0.843333 0.0415692
0.843667 0.0552735
0.844 -0.000832544
0.844333 -0.0172928
0.844667 0.0188003
0.845 1.76338e-14
0.845333 -0.0188003
0.845667 0.0172928
0.846 0.000832544
0.846333 -0.0552735
0.846667 -0.0415692
0.847 -0.032891
0.847333 -0.0829022
0.847667 -0.0717076
0.848 -0.0241724
0.848333 -0.0623538
0.848667 -0.0909673
0.849 -0.0360997
0.849333 -0.030834
0.849667 -0.0632125
0.85 -1.31569e-14
0.850333 0.0632125
0.850667 0.030834
0.851 0.0360997
0.851333 0.0909673
0.851667 0.0623538
0.852 0.0241724
0.852333 0.0717076
0.852667 0.0829022
0.853 0.032891
0.853333 0.0415692
0.853667 0.0552735
0.854 -0.000832544
0.854333 -0.0172928
0.854667 0.0188003
0.855 1.43924e-15
0.855333 -0.0188003
0.855667 0.0172928
0.856 0.000832544
0.856333 -0.0552735
0.856667 -0.0415692
0.857 -0.032891
0.857333 -0.0829022
0.857667 -0.0717076
0.858 -0.0241724
0.858333 -0.0623538
0.858667 -0.0909673
0.859 -0.0360997
0.859333 -0.030834
0.859667 -0.0632125
0.86 -2.99394e-14
0.860333 0.0632125
0.860667 0.030834
0.861 0.0360997
0.861333 0.0909673
0.861667 0.0623538
0.862 0.0241724
0.862333 0.0717076
0.862667 0.0829022
0.863 0.032891
0.863333 0.0415692
0.863667 0.0552735
0.864 -0.000832544
0.864333 -0.0172928
0.864667 0.0188003
0.865 1.25296e-14
0.865333 -0.0188003
0.865667 0.0172928
0.866 0.000832544
0.866333 -0.0552735
0.866667 -0.0415692
0.867 -0.032891
0.867333 -0.0829022
0.867667 -0.0717076
0.868 -0.0241724
0.868333 -0.0623538
0.868667 -0.0909673
0.869 -0.0360997
0.869333 -0.030834
0.869667 -0.0632125
0.87 2.39086e-15
0.870333 0.0632125
0.870667 0.030834
0.871 0.0360997
0.871333 0.0909673
0.871667 0.0623538
0.872 0.0241724
0.872333 0.0717076
0.872667 0.0829022
0.873 0.032891
0.873333 0.0415692
0.873667 0.0552735
0.874 -0.000832544
0.874333 -0.0172928
0.874667 0.0188003
0.875 4.52051e-15
0.875333 -0.0188003
0.875667 0.0172928
0.876 0.000832544
0.876333 -0.0552735
0.876667 -0.0415692
0.877 -0.032891
0.877333 -0.0829022
0.877667 -0.0717076
0.878 -0.0241724
0.878333 -0.0623538
0.878667 -0.0909673
0.879 -0.0360997
0.879333 -0.030834
0.879667 -0.0632125
0.88 1.28932e-14
0.880333 0.0632125
0.880667 0.030834
0.881 0.0360997
0.881333 0.0909673
0.881667 0.0623538
0.882 0.0241724
0.882333 0.0717076
0.882667 0.0829022
0.883 0.032891
0.883333 0.0415692
0.883667 0.0552735
0.884 -0.000832544
0.884333 -0.0172928
0.884667 0.0188003
0.885 1.56108e-14
0.885333 -0.0188003
0.885667 0.0172928
0.886 0.000832544
0.886333 -0.0552735
0.886667 -0.0415692
0.887 -0.032891
0.887333 -0.0829022
0.887667 -0.0717076
0.888 -0.0241724
0.888333 -0.0623538
0.888667 -0.0909673
0.889 -0.0360997
0.889333 -0.030834
0.889667 -0.0632125
0.89 -3.88928e-15
0.890333 0.0632125
0.890667 0.030834
0.891 0.0360997
0.891333 0.0909673
0.891667 0.0623538
0.892 0.0241724
0.892333 0.0717076
0.892667 0.0829022
0.893 0.032891
0.893333 0.0415692
0.893667 0.0552735
0.894 -0.000832544
0.894333 -0.0172928
0.894667 0.0188003
0.895 -5.83668e-16
0.895333 -0.0188003
0.895667 0.0172928
0.896 0.000832544
0.896333 -0.0552735
0.896667 -0.0415692
0.897 -0.032891
0.897333 -0.0829022
0.897667 -0.0717076
0.898 -0.0241724
0.898333 -0.0623538
0.898667 -0.0909673
0.899 -0.0360997
0.899333 -0.030834
0.899667 -0.0632125
0.9 6.61307e-15
0.900333 0.0632125
0.900667 0.030834
0.901 0.0360997
0.901333 0.0909673
0.901667 0.0623538
0.902 0.0241724
0.902333 0.0717076
0.902667 0.0829022
0.903 0.032891
0.903333 0.0415692
0.903667 0.0552735
0.904 -0.000832544
0.904333 -0.0172928
0.904667 0.0188003
0.905 1.05067e-14
0.905333 -0.0188003
0.905667 0.0172928
0.906 0.000832544
0.906333 -0.0552735
0.906667 -0.0415692
0.907 -0.032891
0.907333 -0.0829022
0.907667 -0.0717076
0.908 -0.0241724
0.908333 -0.0623538
0.908667 -0.0909673
0.909 -0.0360997
0.909333 -0.030834
0.909667 -0.0632125
0.91 -1.01694e-14
0.910333 0.0632125
0.910667 0.030834
0.911 0.0360997
0.911333 0.0909673
0.911667 0.0623538
0.912 0.0241724
0.912333 0.0717076
0.912667 0.0829022
0.913 0.032891
0.913333 0.0415692
0.913667 0.0552735
0.914 -0.000832544
0.914333 -0.0172928
0.914667 0.0188003
0.915 2.4976e-15
0.915333 -0.0188003
0.915667 0.0172928
0.916 0.000832544
0.916333 -0.0552735
0.916667 -0.0415692
0.917 -0.032891
0.917333 -0.0829022
0.917667 -0.0717076
0.918 -0.0241724
0.918333 -0.0623538
0.918667 -0.0909673
0.919 -0.0360997
0.919333 -0.030834
0.919667 -0.0632125
0.92 2.21608e-14
0.920333 0.0632125
0.920667 0.030834
0.921 0.0360997
0.921333 0.0909673
0.921667 0.0623538
0.922 0.0241724
0.922333 0.0717076
0.922667 0.0829022
0.923 0.032891
0.923333 0.0415692
0.923667 0.0552735
0.924 -0.000832544
0.924333 -0.0172928
0.924667 0.0188003
0.925 1.35879e-14
0.925333 -0.0188003
0.925667 0.0172928
0.926 0.000832544
0.926333 -0.0552735
0.926667 -0.0415692
0.927 -0.032891
0.927333 -0.0829022
0.927667 -0.0717076
0.928 -0.0241724
0.928333 -0.0623538
0.928667 -0.0909673
0.929 -0.0360997
0.929333 -0.030834
0.929667 -0.0632125
0.93 5.37831e-15
0.930333 0.0632125
0.930667 0.030834
0.931 0.0360997
0.931333 0.0909673
0.931667 0.0623538
0.932 0.0241724
0.932333 0.0717076
0.932667 0.0829022
0.933 0.032891
0.933333 0.0415692
0.933667 0.0552735
0.934 -0.000832544
0.934333 -0.0172928
0.934667 0.0188003
0.935 -2.60658e-15
0.935333 -0.0188003
0.935667 0.0172928
0.936 0.000832544
0.936333 -0.0552735
0.936667 -0.0415692
0.937 -0.032891
0.937333 -0.0829022
0.937667 -0.0717076
0.938 -0.0241724
0.938333 -0.0623538
0.938667 -0.0909673
0.939 -0.0360997
0.939333 -0.030834
0.939667 -0.0632125
0.94 -1.14042e-14
0.940333 0.0632125
0.940667 0.030834
0.941 0.0360997
0.941333 0.0909673
0.941667 0.0623538
0.942 0.0241724
0.942333 0.0717076
0.942667 0.0829022
0.943 0.032891
0.943333 0.0415692
0.943667 0.0552735
0.944 -0.000832544
0.944333 -0.0172928
0.944667 0.0188003
0.945 8.48375e-15
0.945333 -0.0188003
0.945667 0.0172928
0.946 0.000832544
0.946333 -0.0552735
0.946667 -0.0415692
0.947 -0.032891
0.947333 -0.0829022
0.947667 -0.0717076
0.948 -0.0241724
0.948333 -0.0623538
0.948667 -0.0909673
0.949 -0.0360997
0.949333 -0.030834
0.949667 -0.0632125
0.95 -2.81867e-14
0.950333 0.0632125
0.950667 0.030834
0.951 0.0360997
0.951333 0.0909673
0.951667 0.0623538
0.952 0.0241724
0.952333 0.0717076
0.952667 0.0829022
0.953 0.032891
0.953333 0.0415692
0.953667 0.0552735
0.954 -0.000832544
0.954333 -0.0172928
0.954667 0.0188003
0.955 1.95741e-14
0.955333 -0.0188003
0.955667 0.0172928
0.956 0.000832544
0.956333 -0.0552735
0.956667 -0.0415692
0.957 -0.032891
0.957333 -0.0829022
0.957667 -0.0717076
0.958 -0.0241724
0.958333 -0.0623538
0.958667 -0.0909673
0.959 -0.0360997
0.959333 -0.030834
0.959667 -0.0632125
0.96 -1.76843e-14
0.960333 0.0632125
0.960667 0.030834
0.961 0.0360997
0.961333 0.0909673
0.961667 0.0623538
0.962 0.0241724
0.962333 0.0717076
0.962667 0.0829022
0.963 0.032891
0.963333 0.0415692
0.963667 0.0552735
0.964 -0.000832544
0.964333 -0.0172928
0.964667 0.0188003
0.965 3.37957e-15
0.965333 -0.0188003
0.965667 0.0172928
0.966 0.000832544
0.966333 -0.0552735
0.966667 -0.0415692
0.967 -0.032891
0.967333 -0.0829022
0.967667 -0.0717076
0.968 -0.0241724
0.968333 -0.0623538
0.968667 -0.0909673
0.969 -0.0360997
0.969333 -0.030834
0.969667 -0.0632125
0.97 -3.44668e-14
0.970333 0.0632125
0.970667 0.030834
0.971 0.0360997
0.971333 0.0909673
0.971667 0.0623538
0.972 0.0241724
0.972333 0.0717076
0.972667 0.0829022
0.973 0.032891
0.973333 0.0415692
0.973667 0.0552735
0.974 -0.000832544
0.974333 -0.0172928
0.974667 0.0188003
0.975 1.44699e-14
0.975333 -0.0188003
0.975667 0.0172928
0.976 0.000832544
0.976333 -0.0552735
0.976667 -0.0415692
0.977 -0.032891
0.977333 -0.0829022
0.977667 -0.0717076
0.978 -0.0241724
0.978333 -0.0623538
0.978667 -0.0909673
0.979 -0.0360997
0.979333 -0.030834
0.979667 -0.0632125
0.98 -2.13658e-15
0.980333 0.0632125
0.980667 0.030834
0.981 0.0360997
0.981333 0.0909673
0.981667 0.0623538
0.982 0.0241724
0.982333 0.0717076
0.982667 0.0829022
0.983 0.032891
0.983333 0.0415692
0.983667 0.0552735
0.984 -0.000832544
0.984333 -0.0172928
0.984667 0.0188003
0.985 6.46084e-15
0.985333 -0.0188003
0.985667 0.0172928
0.986 0.000832544
0.986333 -0.0552735
0.986667 -0.0415692
0.987 -0.032891
0.987333 -0.0829022
0.987667 -0.0717076
0.988 -0.0241724
0.988333 -0.0623538
0.988667 -0.0909673
0.989 -0.0360997
0.989333 -0.030834
0.989667 -0.0632125
0.99 -1.89191e-14
0.990333 0.0632125
0.990667 0.030834
0.991 0.0360997
0.991333 0.0909673
0.991667 0.0623538
0.992 0.0241724
0.992333 0.0717076
0.992667 0.0829022
0.993 0.032891
0.993333 0.0415692
0.993667 0.0552735
0.994 -0.000832544
0.994333 -0.0172928
0.994667 0.0188003
0.995 1.75512e-14
0.995333 -0.0188003
0.995667 0.0172928
0.996 0.000832544
0.996333 -0.0552735
0.996667 -0.0415692
0.997 -0.032891
0.997333 -0.0829022
0.997667 -0.0717076
0.998 -0.0241724
0.998333 -0.0623538
0.998667 -0.0909673
0.999 -0.0360997
0.999333 -0.030834
0.999667 -0.0632125
