0 0
0.000333333 1.05354
0.000666667 0.513901
0.001 0.601661
0.00133333 1.51612
0.00166667 1.03923
0.002 0.402874
0.00233333 1.19513
0.00266667 1.3817
0.003 0.548183
0.00333333 0.69282
0.00366667 0.921225
0.004 -0.0138757
0.00433333 -0.288213
0.00466667 0.313338
0.005 4.04133e-16
0.00533333 -0.313338
0.00566667 0.288213
0.006 0.0138757
0.00633333 -0.921225
0.00666667 -0.69282
0.007 -0.548183
0.00733333 -1.3817
0.00766667 -1.19513
0.008 -0.402874
0.00833333 -1.03923
0.00866667 -1.51612
0.009 -0.601661
0.00933333 -0.513901
0.00966667 -1.05354
0.01 -1.88596e-15
0.0103333 1.05354
0.0106667 0.513901
0.011 0.601661
0.0113333 1.51612
0.0116667 1.03923
0.012 0.402874
0.0123333 1.19513
0.0126667 1.3817
0.013 0.548183
0.0133333 0.69282
0.0136667 0.921225
0.014 -0.0138757
0.0143333 -0.288213
0.0146667 0.313338
0.015 2.98876e-15
0.0153333 -0.313338
0.0156667 0.288213
0.016 0.0138757
0.0163333 -0.921225
0.0166667 -0.69282
0.017 -0.548183
0.0173333 -1.3817
0.0176667 -1.19513
0.018 -0.402874
0.0183333 -1.03923
0.0186667 -1.51612
0.019 -0.601661
0.0193333 -0.513901
0.0196667 -1.05354
0.02 -3.77191e-15
0.0203333 1.05354
0.0206667 0.513901
0.021 0.601661
0.0213333 1.51612
0.0216667 1.03923
0.022 0.402874
0.0223333 1.19513
0.0226667 1.3817
0.023 0.548183
0.0233333 0.69282
0.0236667 0.921225
0.024 -0.0138757
0.0243333 -0.288213
0.0246667 0.313338
0.025 2.37594e-15
0.0253333 -0.313338
0.0256667 0.288213
0.026 0.0138757
0.0263333 -0.921225
0.0266667 -0.69282
0.027 -0.548183
0.0273333 -1.3817
0.0276667 -1.19513
0.028 -0.402874
0.0283333 -1.03923
0.0286667 -1.51612
0.029 -0.601661
0.0293333 -0.513901
0.0296667 -1.05354
0.03 -9.21058e-15
0.0303333 1.05354
0.0306667 0.513901
0.031 0.601661
0.0313333 1.51612
0.0316667 1.03923
0.032 0.402874
0.0323333 1.19513
0.0326667 1.3817
0.033 0.548183
0.0333333 0.69282
0.0336667 0.921225
0.034 -0.0138757
0.0343333 -0.288213
0.0346667 0.313338
0.035 1.76312e-15
0.0353333 -0.313338
0.0356667 0.288213
0.036 0.0138757
0.0363333 -0.921225
0.0366667 -0.69282
0.037 -0.548183
0.0373333 -1.3817
0.0376667 -1.19513
0.038 -0.402874
0.0383333 -1.03923
0.0386667 -1.51612
0.039 -0.601661
0.0393333 -0.513901
0.0396667 -1.05354
0.04 -7.54382e-15
0.0403333 1.05354
0.0406667 0.513901
0.041 0.601661
0.0413333 1.51612
0.0416667 1.03923
0.042 0.402874
0.0423333 1.19513
0.0426667 1.3817
0.043 0.548183
0.0433333 0.69282
0.0436667 0.921225
0.044 -0.0138757
0.0443333 -0.288213
0.0446667 0.313338
0.045 8.96627e-15
0.0453333 -0.313338
0.0456667 0.288213
0.046 0.0138757
0.0463333 -0.921225
0.0466667 -0.69282
0.047 -0.548183
0.0473333 -1.3817
0.0476667 -1.19513
0.048 -0.402874
0.0483333 -1.03923
0.0486667 -1.51612
0.049 -0.601661
0.0493333 -0.513901
0.0496667 -1.05354
0.05 5.49162e-15
0.0503333 1.05354
0.0506667 0.513901
0.051 0.601661
0.0513333 1.51612
0.0516667 1.03923
0.052 0.402874
0.0523333 1.19513
0.0526667 1.3817
0.053 0.548183
0.0533333 0.69282
0.0536667 0.921225
0.054 -0.0138757
0.0543333 -0.288213
0.0546667 0.313338
0.055 -3.72577e-15
0.0553333 -0.313338
0.0556667 0.288213
0.056 0.0138757
0.0563333 -0.921225
0.0566667 -0.69282
0.057 -0.548183
0.0573333 -1.3817
0.0576667 -1.19513
0.058 -0.402874
0.0583333 -1.03923
0.0586667 -1.51612
0.059 -0.601661
0.0593333 -0.513901
0.0596667 -1.05354
0.06 -1.84212e-14
0.0603333 1.05354
0.0606667 0.513901
0.061 0.601661
0.0613333 1.51612
0.0616667 1.03923
0.062 0.402874
0.0623333 1.19513
0.0626667 1.3817
0.063 0.548183
0.0633333 0.69282
0.0636667 0.921225
0.064 -0.0138757
0.0643333 -0.288213
0.0646667 0.313338
0.065 7.74063e-15
0.0653333 -0.313338
0.0656667 0.288213
0.066 0.0138757
0.0663333 -0.921225
0.0666667 -0.69282
0.067 -0.548183
0.0673333 -1.3817
0.0676667 -1.19513
0.068 -0.402874
0.0683333 -1.03923
0.0686667 -1.51612
0.069 -0.601661
0.0693333 -0.513901
0.0696667 -1.05354
0.07 2.01938e-14
0.0703333 1.05354
0.0706667 0.513901
0.071 0.601661
0.0713333 1.51612
0.0716667 1.03923
0.072 0.402874
0.0723333 1.19513
0.0726667 1.3817
0.073 0.548183
0.0733333 0.69282
0.0736667 0.921225
0.074 -0.0138757
0.0743333 -0.288213
0.0746667 0.313338
0.075 1.9207e-14
0.0753333 -0.313338
0.0756667 0.288213
0.076 0.0138757
0.0763333 -0.921225
0.0766667 -0.69282
0.077 -0.548183
0.0773333 -1.3817
0.0776667 -1.19513
0.078 -0.402874
0.0783333 -1.03923
0.0786667 -1.51612
0.079 -0.601661
0.0793333 -0.513901
0.0796667 -1.05354
0.08 -1.50876e-14
0.0803333 1.05354
0.0806667 0.513901
0.081 0.601661
0.0813333 1.51612
0.0816667 1.03923
0.082 0.402874
0.0823333 1.19513
0.0826667 1.3817
0.083 0.548183
0.0833333 0.69282
0.0836667 0.921225
0.084 -0.0138757
0.0843333 -0.288213
0.0846667 0.313338
0.085 2.25174e-15
0.0853333 -0.313338
0.0856667 0.288213
0.086 0.0138757
0.0863333 -0.921225
0.0866667 -0.69282
0.087 -0.548183
0.0873333 -1.3817
0.0876667 -1.19513
0.088 -0.402874
0.0883333 -1.03923
0.0886667 -1.51612
0.089 -0.601661
0.0893333 -0.513901
0.0896667 -1.05354
0.09 -2.76317e-14
0.0903333 1.05354
0.0906667 0.513901
0.091 0.601661
0.0913333 1.51612
0.0916667 1.03923
0.092 0.402874
0.0923333 1.19513
0.0926667 1.3817
0.093 0.548183
0.0933333 0.69282
0.0936667 0.921225
0.094 -0.0138757
0.0943333 -0.288213
0.0946667 0.313338
0.095 1.37181e-14
0.0953333 -0.313338
0.0956667 0.288213
0.096 0.0138757
0.0963333 -0.921225
0.0966667 -0.69282
0.097 -0.548183
0.0973333 -1.3817
0.0976667 -1.19513
0.098 -0.402874
0.0983333 -1.03923
0.0986667 -1.51612
0.099 -0.601661
0.0993333 -0.513901
0.0996667 -1.05354
0.1 1.09832e-14
0.100333 1.05354
0.100667 0.513901
0.101 0.601661
0.101333 1.51612
0.101667 1.03923
0.102 0.402874
0.102333 1.19513
0.102667 1.3817
0.103 0.548183
0.103333 0.69282
0.103667 0.921225
0.104 -0.0138757
0.104333 -0.288213
0.104667 0.313338
0.105 5.36063e-14
0.105333 -0.313338
0.105667 0.288213
0.106 0.0138757
0.106333 -0.921225
0.106667 -0.69282
0.107 -0.548183
0.107333 -1.3817
0.107667 -1.19513
0.108 -0.402874
0.108333 -1.03923
0.108667 -1.51612
0.109 -0.601661
0.109333 -0.513901
0.109667 -1.05354
0.11 2.68608e-14
0.110333 1.05354
0.110667 0.513901
0.111 0.601661
0.111333 1.51612
0.111667 1.03923
0.112 0.402874
0.112333 1.19513
0.112667 1.3817
0.113 0.548183
0.113333 0.69282
0.113667 0.921225
0.114 -0.0138757
0.114333 -0.288213
0.114667 0.313338
0.115 -1.16659e-14
0.115333 -0.313338
0.115667 0.288213
0.116 0.0138757
0.116333 -0.921225
0.116667 -0.69282
0.117 -0.548183
0.117333 -1.3817
0.117667 -1.19513
0.118 -0.402874
0.118333 -1.03923
0.118667 -1.51612
0.119 -0.601661
0.119333 -0.513901
0.119667 -1.05354
0.12 -3.68423e-14
0.120333 1.05354
0.120667 0.513901
0.121 0.601661
0.121333 1.51612
0.121667 1.03923
0.122 0.402874
0.122333 1.19513
0.122667 1.3817
0.123 0.548183
0.123333 0.69282
0.123667 0.921225
0.124 -0.0138757
0.124333 -0.288213
0.124667 0.313338
0.125 1.96957e-14
0.125333 -0.313338
0.125667 0.288213
0.126 0.0138757
0.126333 -0.921225
0.126667 -0.69282
0.127 -0.548183
0.127333 -1.3817
0.127667 -1.19513
0.128 -0.402874
0.128333 -1.03923
0.128667 -1.51612
0.129 -0.601661
0.129333 -0.513901
0.129667 -1.05354
0.13 1.77265e-15
0.130333 1.05354
0.130667 0.513901
0.131 0.601661
0.131333 1.51612
0.131667 1.03923
0.132 0.402874
0.132333 1.19513
0.132667 1.3817
0.133 0.548183
0.133333 0.69282
0.133667 0.921225
0.134 -0.0138757
0.134333 -0.288213
0.134667 0.313338
0.135 1.12669e-14
0.135333 -0.313338
0.135667 0.288213
0.136 0.0138757
0.136333 -0.921225
0.136667 -0.69282
0.137 -0.548183
0.137333 -1.3817
0.137667 -1.19513
0.138 -0.402874
0.138333 -1.03923
0.138667 -1.51612
0.139 -0.601661
0.139333 -0.513901
0.139667 -1.05354
0.14 4.03876e-14
0.140333 1.05354
0.140667 0.513901
0.141 0.601661
0.141333 1.51612
0.141667 1.03923
0.142 0.402874
0.142333 1.19513
0.142667 1.3817
0.143 0.548183
0.143333 0.69282
0.143667 0.921225
0.144 -0.0138757
0.144333 -0.288213
0.144667 0.313338
0.145 4.26285e-14
0.145333 -0.313338
0.145667 0.288213
0.146 0.0138757
0.146333 -0.921225
0.146667 -0.69282
0.147 -0.548183
0.147333 -1.3817
0.147667 -1.19513
0.148 -0.402874
0.148333 -1.03923
0.148667 -1.51612
0.149 -0.601661
0.149333 -0.513901
0.149667 -1.05354
0.15 -2.33155e-14
0.150333 1.05354
0.150667 0.513901
0.151 0.601661
0.151333 1.51612
0.151667 1.03923
0.152 0.402874
0.152333 1.19513
0.152667 1.3817
0.153 0.548183
0.153333 0.69282
0.153667 0.921225
0.154 -0.0138757
0.154333 -0.288213
0.154667 0.313338
0.155 3.41997e-14
0.155333 -0.313338
0.155667 0.288213
0.156 0.0138757
0.156333 -0.921225
0.156667 -0.69282
0.157 -0.548183
0.157333 -1.3817
0.157667 -1.19513
0.158 -0.402874
0.158333 -1.03923
0.158667 -1.51612
0.159 -0.601661
0.159333 -0.513901
0.159667 -1.05354
0.16 -3.01753e-14
0.160333 1.05354
0.160667 0.513901
0.161 0.601661
0.161333 1.51612
0.161667 1.03923
0.162 0.402874
0.162333 1.19513
0.162667 1.3817
0.163 0.548183
0.163333 0.69282
0.163667 0.921225
0.164 -0.0138757
0.164333 -0.288213
0.164667 0.313338
0.165 8.71788e-15
0.165333 -0.313338
0.165667 0.288213
0.166 0.0138757
0.166333 -0.921225
0.166667 -0.69282
0.167 -0.548183
0.167333 -1.3817
0.167667 -1.19513
0.168 -0.402874
0.168333 -1.03923
0.168667 -1.51612
0.169 -0.601661
0.169333 -0.513901
0.169667 -1.05354
0.17 8.43968e-15
0.170333 1.05354
0.170667 0.513901
0.171 0.601661
0.171333 1.51612
0.171667 1.03923
0.172 0.402874
0.172333 1.19513
0.172667 1.3817
0.173 0.548183
0.173333 0.69282
0.173667 0.921225
0.174 -0.0138757
0.174333 -0.288213
0.174667 0.313338
0.175 4.00795e-14
0.175333 -0.313338
0.175667 0.288213
0.176 0.0138757
0.176333 -0.921225
0.176667 -0.69282
0.177 -0.548183
0.177333 -1.3817
0.177667 -1.19513
0.178 -0.402874
0.178333 -1.03923
0.178667 -1.51612
0.179 -0.601661
0.179333 -0.513901
0.179667 -1.05354
0.18 -5.52635e-14
0.180333 1.05354
0.180667 0.513901
0.181 0.601661
0.181333 1.51612
0.181667 1.03923
0.182 0.402874
0.182333 1.19513
0.182667 1.3817
0.183 0.548183
0.183333 0.69282
0.183667 0.921225
0.184 -0.0138757
0.184333 -0.288213
0.184667 0.313338
0.185 3.16507e-14
0.185333 -0.313338
0.185667 0.288213
0.186 0.0138757
0.186333 -0.921225
0.186667 -0.69282
0.187 -0.548183
0.187333 -1.3817
0.187667 -1.19513
0.188 -0.402874
0.188333 -1.03923
0.188667 -1.51612
0.189 -0.601661
0.189333 -0.513901
0.189667 -1.05354
0.19 -1.66485e-14
0.190333 1.05354
0.190667 0.513901
0.191 0.601661
0.191333 1.51612
0.191667 1.03923
0.192 0.402874
0.192333 1.19513
0.192667 1.3817
0.193 0.548183
0.193333 0.69282
0.193667 0.921225
0.194 -0.0138757
0.194333 -0.288213
0.194667 0.313338
0.195 2.32219e-14
0.195333 -0.313338
0.195667 0.288213
0.196 0.0138757
0.196333 -0.921225
0.196667 -0.69282
0.197 -0.548183
0.197333 -1.3817
0.197667 -1.19513
0.198 -0.402874
0.198333 -1.03923
0.198667 -1.51612
0.199 -0.601661
0.199333 -0.513901
0.199667 -1.05354
0.2 2.19665e-14
0.200333 1.05354
0.200667 0.513901
0.201 0.601661
0.201333 1.51612
0.201667 1.03923
0.202 0.402874
0.202333 1.19513
0.202667 1.3817
0.203 0.548183
0.203333 0.69282
0.203667 0.921225
0.204 -0.0138757
0.204333 -0.288213
0.204667 0.313338
0.205 9.43739e-14
0.205333 -0.313338
0.205667 0.288213
0.206 0.0138757
0.206333 -0.921225
0.206667 -0.69282
0.207 -0.548183
0.207333 -1.3817
0.207667 -1.19513
0.208 -0.402874
0.208333 -1.03923
0.208667 -1.51612
0.209 -0.601661
0.209333 -0.513901
0.209667 -1.05354
0.21 -9.85801e-14
0.210333 1.05354
0.210667 0.513901
0.211 0.601661
0.211333 1.51612
0.211667 1.03923
0.212 0.402874
0.212333 1.19513
0.212667 1.3817
0.213 0.548183
0.213333 0.69282
0.213667 0.921225
0.214 -0.0138757
0.214333 -0.288213
0.214667 0.313338
0.215 8.59451e-14
0.215333 -0.313338
0.215667 0.288213
0.216 0.0138757
0.216333 -0.921225
0.216667 -0.69282
0.217 -0.548183
0.217333 -1.3817
0.217667 -1.19513
0.218 -0.402874
0.218333 -1.03923
0.218667 -1.51612
0.219 -0.601661
0.219333 -0.513901
0.219667 -1.05354
0.22 5.37217e-14
0.220333 1.05354
0.220667 0.513901
0.221 0.601661
0.221333 1.51612
0.221667 1.03923
0.222 0.402874
0.222333 1.19513
0.222667 1.3817
0.223 0.548183
0.223333 0.69282
0.223667 0.921225
0.224 -0.0138757
0.224333 -0.288213
0.224667 0.313338
0.225 -3.61705e-14
0.225333 -0.313338
0.225667 0.288213
0.226 0.0138757
0.226333 -0.921225
0.226667 -0.69282
0.227 -0.548183
0.227333 -1.3817
0.227667 -1.19513
0.228 -0.402874
0.228333 -1.03923
0.228667 -1.51612
0.229 -0.601661
0.229333 -0.513901
0.229667 -1.05354
0.23 9.23367e-14
0.230333 1.05354
0.230667 0.513901
0.231 0.601661
0.231333 1.51612
0.231667 1.03923
0.232 0.402874
0.232333 1.19513
0.232667 1.3817
0.233 0.548183
0.233333 0.69282
0.233667 0.921225
0.234 -0.0138757
0.234333 -0.288213
0.234667 0.313338
0.235 6.90875e-14
0.235333 -0.313338
0.235667 0.288213
0.236 0.0138757
0.236333 -0.921225
0.236667 -0.69282
0.237 -0.548183
0.237333 -1.3817
0.237667 -1.19513
0.238 -0.402874
0.238333 -1.03923
0.238667 -1.51612
0.239 -0.601661
0.239333 -0.513901
0.239667 -1.05354
0.24 -7.36847e-14
0.240333 1.05354
0.240667 0.513901
0.241 0.601661
0.241333 1.51612
0.241667 1.03923
0.242 0.402874
0.242333 1.19513
0.242667 1.3817
0.243 0.548183
0.243333 0.69282
0.243667 0.921225
0.244 -0.0138757
0.244333 -0.288213
0.244667 0.313338
0.245 6.06587e-14
0.245333 -0.313338
0.245667 0.288213
0.246 0.0138757
0.246333 -0.921225
0.246667 -0.69282
0.247 -0.548183
0.247333 -1.3817
0.247667 -1.19513
0.248 -0.402874
0.248333 -1.03923
0.248667 -1.51612
0.249 -0.601661
0.249333 -0.513901
0.249667 -1.05354
0.25 -3.50697e-14
0.250333 1.05354
0.250667 0.513901
0.251 0.601661
0.251333 1.51612
0.251667 1.03923
0.252 0.402874
0.252333 1.19513
0.252667 1.3817
0.253 0.548183
0.253333 0.69282
0.253667 0.921225
0.254 -0.0138757
0.254333 -0.288213
0.254667 0.313338
0.255 1.81239e-14
0.255333 -0.313338
0.255667 0.288213
0.256 0.0138757
0.256333 -0.921225
0.256667 -0.69282
0.257 -0.548183
0.257333 -1.3817
0.257667 -1.19513
0.258 -0.402874
0.258333 -1.03923
0.258667 -1.51612
0.259 -0.601661
0.259333 -0.513901
0.259667 -1.05354
0.26 3.5453e-15
0.260333 1.05354
0.260667 0.513901
0.261 0.601661
0.261333 1.51612
0.261667 1.03923
0.262 0.402874
0.262333 1.19513
0.262667 1.3817
0.263 0.548183
0.263333 0.69282
0.263667 0.921225
0.264 -0.0138757
0.264333 -0.288213
0.264667 0.313338
0.265 9.69512e-15
0.265333 -0.313338
0.265667 0.288213
0.266 0.0138757
0.266333 -0.921225
0.266667 -0.69282
0.267 -0.548183
0.267333 -1.3817
0.267667 -1.19513
0.268 -0.402874
0.268333 -1.03923
0.268667 -1.51612
0.269 -0.601661
0.269333 -0.513901
0.269667 -1.05354
0.27 4.21603e-14
0.270333 1.05354
0.270667 0.513901
0.271 0.601661
0.271333 1.51612
0.271667 1.03923
0.272 0.402874
0.272333 1.19513
0.272667 1.3817
0.273 0.548183
0.273333 0.69282
0.273667 0.921225
0.274 -0.0138757
0.274333 -0.288213
0.274667 0.313338
0.275 1.26633e-15
0.275333 -0.313338
0.275667 0.288213
0.276 0.0138757
0.276333 -0.921225
0.276667 -0.69282
0.277 -0.548183
0.277333 -1.3817
0.277667 -1.19513
0.278 -0.402874
0.278333 -1.03923
0.278667 -1.51612
0.279 -0.601661
0.279333 -0.513901
0.279667 -1.05354
0.28 8.07753e-14
0.280333 1.05354
0.280667 0.513901
0.281 0.601661
0.281333 1.51612
0.281667 1.03923
0.282 0.402874
0.282333 1.19513
0.282667 1.3817
0.283 0.548183
0.283333 0.69282
0.283667 0.921225
0.284 -0.0138757
0.284333 -0.288213
0.284667 0.313338
0.285 7.24183e-14
0.285333 -0.313338
0.285667 0.288213
0.286 0.0138757
0.286333 -0.921225
0.286667 -0.69282
0.287 -0.548183
0.287333 -1.3817
0.287667 -1.19513
0.288 -0.402874
0.288333 -1.03923
0.288667 -1.51612
0.289 -0.601661
0.289333 -0.513901
0.289667 -1.05354
0.29 -8.52461e-14
0.290333 1.05354
0.290667 0.513901
0.291 0.601661
0.291333 1.51612
0.291667 1.03923
0.292 0.402874
0.292333 1.19513
0.292667 1.3817
0.293 0.548183
0.293333 0.69282
0.293667 0.921225
0.294 -0.0138757
0.294333 -0.288213
0.294667 0.313338
0.295 6.39895e-14
0.295333 -0.313338
0.295667 0.288213
0.296 0.0138757
0.296333 -0.921225
0.296667 -0.69282
0.297 -0.548183
0.297333 -1.3817
0.297667 -1.19513
0.298 -0.402874
0.298333 -1.03923
0.298667 -1.51612
0.299 -0.601661
0.299333 -0.513901
0.299667 -1.05354
0.3 -4.66311e-14
0.300333 1.05354
0.300667 0.513901
0.301 0.601661
0.301333 1.51612
0.301667 1.03923
0.302 0.402874
0.302333 1.19513
0.302667 1.3817
0.303 0.548183
0.303333 0.69282
0.303667 0.921225
0.304 -0.0138757
0.304333 -0.288213
0.304667 0.313338
0.305 5.55607e-14
0.305333 -0.313338
0.305667 0.288213
0.306 0.0138757
0.306333 -0.921225
0.306667 -0.69282
0.307 -0.548183
0.307333 -1.3817
0.307667 -1.19513
0.308 -0.402874
0.308333 -1.03923
0.308667 -1.51612
0.309 -0.601661
0.309333 -0.513901
0.309667 -1.05354
0.31 -8.0161e-15
0.310333 1.05354
0.310667 0.513901
0.311 0.601661
0.311333 1.51612
0.311667 1.03923
0.312 0.402874
0.312333 1.19513
0.312667 1.3817
0.313 0.548183
0.313333 0.69282
0.313667 0.921225
0.314 -0.0138757
0.314333 -0.288213
0.314667 0.313338
0.315 4.7132e-14
0.315333 -0.313338
0.315667 0.288213
0.316 0.0138757
0.316333 -0.921225
0.316667 -0.69282
0.317 -0.548183
0.317333 -1.3817
0.317667 -1.19513
0.318 -0.402874
0.318333 -1.03923
0.318667 -1.51612
0.319 -0.601661
0.319333 -0.513901
0.319667 -1.05354
0.32 -6.03506e-14
0.320333 1.05354
0.320667 0.513901
0.321 0.601661
0.321333 1.51612
0.321667 1.03923
0.322 0.402874
0.322333 1.19513
0.322667 1.3817
0.323 0.548183
0.323333 0.69282
0.323667 0.921225
0.324 -0.0138757
0.324333 -0.288213
0.324667 0.313338
0.325 3.87032e-14
0.325333 -0.313338
0.325667 0.288213
0.326 0.0138757
0.326333 -0.921225
0.326667 -0.69282
0.327 -0.548183
0.327333 -1.3817
0.327667 -1.19513
0.328 -0.402874
0.328333 -1.03923
0.328667 -1.51612
0.329 -0.601661
0.329333 -0.513901
0.329667 -1.05354
0.33 -2.17356e-14
0.330333 1.05354
0.330667 0.513901
0.331 0.601661
0.331333 1.51612
0.331667 1.03923
0.332 0.402874
0.332333 1.19513
0.332667 1.3817
0.333 0.548183
0.333333 0.69282
0.333667 0.921225
0.334 -0.0138757
0.334333 -0.288213
0.334667 0.313338
0.335 3.02744e-14
0.335333 -0.313338
0.335667 0.288213
0.336 0.0138757
0.336333 -0.921225
0.336667 -0.69282
0.337 -0.548183
0.337333 -1.3817
0.337667 -1.19513
0.338 -0.402874
0.338333 -1.03923
0.338667 -1.51612
0.339 -0.601661
0.339333 -0.513901
0.339667 -1.05354
0.34 1.68794e-14
0.340333 1.05354
0.340667 0.513901
0.341 0.601661
0.341333 1.51612
0.341667 1.03923
0.342 0.402874
0.342333 1.19513
0.342667 1.3817
0.343 0.548183
0.343333 0.69282
0.343667 0.921225
0.344 -0.0138757
0.344333 -0.288213
0.344667 0.313338
0.345 1.01426e-13
0.345333 -0.313338
0.345667 0.288213
0.346 0.0138757
0.346333 -0.921225
0.346667 -0.69282
0.347 -0.548183
0.347333 -1.3817
0.347667 -1.19513
0.348 -0.402874
0.348333 -1.03923
0.348667 -1.51612
0.349 -0.601661
0.349333 -0.513901
0.349667 -1.05354
0.35 -1.49142e-13
0.350333 1.05354
0.350667 0.513901
0.351 0.601661
0.351333 1.51612
0.351667 1.03923
0.352 0.402874
0.352333 1.19513
0.352667 1.3817
0.353 0.548183
0.353333 0.69282
0.353667 0.921225
0.354 -0.0138757
0.354333 -0.288213
0.354667 0.313338
0.355 9.29976e-14
0.355333 -0.313338
0.355667 0.288213
0.356 0.0138757
0.356333 -0.921225
0.356667 -0.69282
0.357 -0.548183
0.357333 -1.3817
0.357667 -1.19513
0.358 -0.402874
0.358333 -1.03923
0.358667 -1.51612
0.359 -0.601661
0.359333 -0.513901
0.359667 -1.05354
0.36 -1.10527e-13
0.360333 1.05354
0.360667 0.513901
0.361 0.601661
0.361333 1.51612
0.361667 1.03923
0.362 0.402874
0.362333 1.19513
0.362667 1.3817
0.363 0.548183
0.363333 0.69282
0.363667 0.921225
0.364 -0.0138757
0.364333 -0.288213
0.364667 0.313338
0.365 1.98256e-13
0.365333 -0.313338
0.365667 0.288213
0.366 0.0138757
0.366333 -0.921225
0.366667 -0.69282
0.367 -0.548183
0.367333 -1.3817
0.367667 -1.19513
0.368 -0.402874
0.368333 -1.03923
0.368667 -1.51612
0.369 -0.601661
0.369333 -0.513901
0.369667 -1.05354
0.37 -7.1912e-14
0.370333 1.05354
0.370667 0.513901
0.371 0.601661
0.371333 1.51612
0.371667 1.03923
0.372 0.402874
0.372333 1.19513
0.372667 1.3817
0.373 0.548183
0.373333 0.69282
0.373667 0.921225
0.374 -0.0138757
0.374333 -0.288213
0.374667 0.313338
0.375 -7.16529e-14
0.375333 -0.313338
0.375667 0.288213
0.376 0.0138757
0.376333 -0.921225
0.376667 -0.69282
0.377 -0.548183
0.377333 -1.3817
0.377667 -1.19513
0.378 -0.402874
0.378333 -1.03923
0.378667 -1.51612
0.379 -0.601661
0.379333 -0.513901
0.379667 -1.05354
0.38 -3.3297e-14
0.380333 1.05354
0.380667 0.513901
0.381 0.601661
0.381333 1.51612
0.381667 1.03923
0.382 0.402874
0.382333 1.19513
0.382667 1.3817
0.383 0.548183
0.383333 0.69282
0.383667 0.921225
0.384 -0.0138757
0.384333 -0.288213
0.384667 0.313338
0.385 -8.00817e-14
0.385333 -0.313338
0.385667 0.288213
0.386 0.0138757
0.386333 -0.921225
0.386667 -0.69282
0.387 -0.548183
0.387333 -1.3817
0.387667 -1.19513
0.388 -0.402874
0.388333 -1.03923
0.388667 -1.51612
0.389 -0.601661
0.389333 -0.513901
0.389667 -1.05354
0.39 5.31796e-15
0.390333 1.05354
0.390667 0.513901
0.391 0.601661
0.391333 1.51612
0.391667 1.03923
0.392 0.402874
0.392333 1.19513
0.392667 1.3817
0.393 0.548183
0.393333 0.69282
0.393667 0.921225
0.394 -0.0138757
0.394333 -0.288213
0.394667 0.313338
0.395 -8.85105e-14
0.395333 -0.313338
0.395667 0.288213
0.396 0.0138757
0.396333 -0.921225
0.396667 -0.69282
0.397 -0.548183
0.397333 -1.3817
0.397667 -1.19513
0.398 -0.402874
0.398333 -1.03923
0.398667 -1.51612
0.399 -0.601661
0.399333 -0.513901
0.399667 -1.05354
0.4 4.39329e-14
0.400333 1.05354
0.400667 0.513901
0.401 0.601661
0.401333 1.51612
0.401667 1.03923
0.402 0.402874
0.402333 1.19513
0.402667 1.3817
0.403 0.548183
0.403333 0.69282
0.403667 0.921225
0.404 -0.0138757
0.404333 -0.288213
0.404667 0.313338
0.405 -9.69392e-14
0.405333 -0.313338
0.405667 0.288213
0.406 0.0138757
0.406333 -0.921225
0.406667 -0.69282
0.407 -0.548183
0.407333 -1.3817
0.407667 -1.19513
0.408 -0.402874
0.408333 -1.03923
0.408667 -1.51612
0.409 -0.601661
0.409333 -0.513901
0.409667 -1.05354
0.41 -3.26725e-13
0.410333 1.05354
0.410667 0.513901
0.411 0.601661
0.411333 1.51612
0.411667 1.03923
0.412 0.402874
0.412333 1.19513
0.412667 1.3817
0.413 0.548183
0.413333 0.69282
0.413667 0.921225
0.414 -0.0138757
0.414333 -0.288213
0.414667 0.313338
0.415 1.22006e-13
0.415333 -0.313338
0.415667 0.288213
0.416 0.0138757
0.416333 -0.921225
0.416667 -0.69282
0.417 -0.548183
0.417333 -1.3817
0.417667 -1.19513
0.418 -0.402874
0.418333 -1.03923
0.418667 -1.51612
0.419 -0.601661
0.419333 -0.513901
0.419667 -1.05354
0.42 -1.9716e-13
0.420333 1.05354
0.420667 0.513901
0.421 0.601661
0.421333 1.51612
0.421667 1.03923
0.422 0.402874
0.422333 1.19513
0.422667 1.3817
0.423 0.548183
0.423333 0.69282
0.423667 0.921225
0.424 -0.0138757
0.424333 -0.288213
0.424667 0.313338
0.425 7.94708e-14
0.425333 -0.313338
0.425667 0.288213
0.426 0.0138757
0.426333 -0.921225
0.426667 -0.69282
0.427 -0.548183
0.427333 -1.3817
0.427667 -1.19513
0.428 -0.402874
0.428333 -1.03923
0.428667 -1.51612
0.429 -0.601661
0.429333 -0.513901
0.429667 -1.05354
0.43 -2.49495e-13
0.430333 1.05354
0.430667 0.513901
0.431 0.601661
0.431333 1.51612
0.431667 1.03923
0.432 0.402874
0.432333 1.19513
0.432667 1.3817
0.433 0.548183
0.433333 0.69282
0.433667 0.921225
0.434 -0.0138757
0.434333 -0.288213
0.434667 0.313338
0.435 1.05148e-13
0.435333 -0.313338
0.435667 0.288213
0.436 0.0138757
0.436333 -0.921225
0.436667 -0.69282
0.437 -0.548183
0.437333 -1.3817
0.437667 -1.19513
0.438 -0.402874
0.438333 -1.03923
0.438667 -1.51612
0.439 -0.601661
0.439333 -0.513901
0.439667 -1.05354
0.44 1.07443e-13
0.440333 1.05354
0.440667 0.513901
0.441 0.601661
0.441333 1.51612
0.441667 1.03923
0.442 0.402874
0.442333 1.19513
0.442667 1.3817
0.443 0.548183
0.443333 0.69282
0.443667 0.921225
0.444 -0.0138757
0.444333 -0.288213
0.444667 0.313338
0.445 6.26132e-14
0.445333 -0.313338
0.445667 0.288213
0.446 0.0138757
0.446333 -0.921225
0.446667 -0.69282
0.447 -0.548183
0.447333 -1.3817
0.447667 -1.19513
0.448 -0.402874
0.448333 -1.03923
0.448667 -1.51612
0.449 -0.601661
0.449333 -0.513901
0.449667 -1.05354
0.45 5.51089e-14
0.450333 1.05354
0.450667 0.513901
0.451 0.601661
0.451333 1.51612
0.451667 1.03923
0.452 0.402874
0.452333 1.19513
0.452667 1.3817
0.453 0.548183
0.453333 0.69282
0.453667 0.921225
0.454 -0.0138757
0.454333 -0.288213
0.454667 0.313338
0.455 2.00784e-14
0.455333 -0.313338
0.455667 0.288213
0.456 0.0138757
0.456333 -0.921225
0.456667 -0.69282
0.457 -0.548183
0.457333 -1.3817
0.457667 -1.19513
0.458 -0.402874
0.458333 -1.03923
0.458667 -1.51612
0.459 -0.601661
0.459333 -0.513901
0.459667 -1.05354
0.46 1.84673e-13
0.460333 1.05354
0.460667 0.513901
0.461 0.601661
0.461333 1.51612
0.461667 1.03923
0.462 0.402874
0.462333 1.19513
0.462667 1.3817
0.463 0.548183
0.463333 0.69282
0.463667 0.921225
0.464 -0.0138757
0.464333 -0.288213
0.464667 0.313338
0.465 4.57557e-14
0.465333 -0.313338
0.465667 0.288213
0.466 0.0138757
0.466333 -0.921225
0.466667 -0.69282
0.467 -0.548183
0.467333 -1.3817
0.467667 -1.19513
0.468 -0.402874
0.468333 -1.03923
0.468667 -1.51612
0.469 -0.601661
0.469333 -0.513901
0.469667 -1.05354
0.47 -9.50348e-14
0.470333 1.05354
0.470667 0.513901
0.471 0.601661
0.471333 1.51612
0.471667 1.03923
0.472 0.402874
0.472333 1.19513
0.472667 1.3817
0.473 0.548183
0.473333 0.69282
0.473667 0.921225
0.474 -0.0138757
0.474333 -0.288213
0.474667 0.313338
0.475 2.30594e-13
0.475333 -0.313338
0.475667 0.288213
0.476 0.0138757
0.476333 -0.921225
0.476667 -0.69282
0.477 -0.548183
0.477333 -1.3817
0.477667 -1.19513
0.478 -0.402874
0.478333 -1.03923
0.478667 -1.51612
0.479 -0.601661
0.479333 -0.513901
0.479667 -1.05354
0.48 -1.47369e-13
0.480333 1.05354
0.480667 0.513901
0.481 0.601661
0.481333 1.51612
0.481667 1.03923
0.482 0.402874
0.482333 1.19513
0.482667 1.3817
0.483 0.548183
0.483333 0.69282
0.483667 0.921225
0.484 -0.0138757
0.484333 -0.288213
0.484667 0.313338
0.485 1.8806e-13
0.485333 -0.313338
0.485667 0.288213
0.486 0.0138757
0.486333 -0.921225
0.486667 -0.69282
0.487 -0.548183
0.487333 -1.3817
0.487667 -1.19513
0.488 -0.402874
0.488333 -1.03923
0.488667 -1.51612
0.489 -0.601661
0.489333 -0.513901
0.489667 -1.05354
0.49 -1.78049e-14
0.490333 1.05354
0.490667 0.513901
0.491 0.601661
0.491333 1.51612
0.491667 1.03923
0.492 0.402874
0.492333 1.19513
0.492667 1.3817
0.493 0.548183
0.493333 0.69282
0.493667 0.921225
0.494 -0.0138757
0.494333 -0.288213
0.494667 0.313338
0.495 2.13737e-13
0.495333 -0.313338
0.495667 0.288213
0.496 0.0138757
0.496333 -0.921225
0.496667 -0.69282
0.497 -0.548183
0.497333 -1.3817
0.497667 -1.19513
0.498 -0.402874
0.498333 -1.03923
0.498667 -1.51612
0.499 -0.601661
0.499333 -0.513901
0.499667 -1.05354
0.5 -7.01394e-14
0.500333 1.05354
0.500667 0.513901
0.501 0.601661
0.501333 1.51612
0.501667 1.03923
0.502 0.402874
0.502333 1.19513
0.502667 1.3817
0.503 0.548183
0.503333 0.69282
0.503667 0.921225
0.504 -0.0138757
0.504333 -0.288213
0.504667 0.313338
0.505 -5.61716e-14
0.505333 -0.313338
0.505667 0.288213
0.506 0.0138757
0.506333 -0.921225
0.506667 -0.69282
0.507 -0.548183
0.507333 -1.3817
0.507667 -1.19513
0.508 -0.402874
0.508333 -1.03923
0.508667 -1.51612
0.509 -0.601661
0.509333 -0.513901
0.509667 -1.05354
0.51 -1.22474e-13
0.510333 1.05354
0.510667 0.513901
0.511 0.601661
0.511333 1.51612
0.511667 1.03923
0.512 0.402874
0.512333 1.19513
0.512667 1.3817
0.513 0.548183
0.513333 0.69282
0.513667 0.921225
0.514 -0.0138757
0.514333 -0.288213
0.514667 0.313338
0.515 -3.04943e-14
0.515333 -0.313338
0.515667 0.288213
0.516 0.0138757
0.516333 -0.921225
0.516667 -0.69282
0.517 -0.548183
0.517333 -1.3817
0.517667 -1.19513
0.518 -0.402874
0.518333 -1.03923
0.518667 -1.51612
0.519 -0.601661
0.519333 -0.513901
0.519667 -1.05354
0.52 7.09061e-15
0.520333 1.05354
0.520667 0.513901
0.521 0.601661
0.521333 1.51612
0.521667 1.03923
0.522 0.402874
0.522333 1.19513
0.522667 1.3817
0.523 0.548183
0.523333 0.69282
0.523667 0.921225
0.524 -0.0138757
0.524333 -0.288213
0.524667 0.313338
0.525 -7.30292e-14
0.525333 -0.313338
0.525667 0.288213
0.526 0.0138757
0.526333 -0.921225
0.526667 -0.69282
0.527 -0.548183
0.527333 -1.3817
0.527667 -1.19513
0.528 -0.402874
0.528333 -1.03923
0.528667 -1.51612
0.529 -0.601661
0.529333 -0.513901
0.529667 -1.05354
0.53 -4.52439e-14
0.530333 1.05354
0.530667 0.513901
0.531 0.601661
0.531333 1.51612
0.531667 1.03923
0.532 0.402874
0.532333 1.19513
0.532667 1.3817
0.533 0.548183
0.533333 0.69282
0.533667 0.921225
0.534 -0.0138757
0.534333 -0.288213
0.534667 0.313338
0.535 -4.73519e-14
0.535333 -0.313338
0.535667 0.288213
0.536 0.0138757
0.536333 -0.921225
0.536667 -0.69282
0.537 -0.548183
0.537333 -1.3817
0.537667 -1.19513
0.538 -0.402874
0.538333 -1.03923
0.538667 -1.51612
0.539 -0.601661
0.539333 -0.513901
0.539667 -1.05354
0.54 8.43206e-14
0.540333 1.05354
0.540667 0.513901
0.541 0.601661
0.541333 1.51612
0.541667 1.03923
0.542 0.402874
0.542333 1.19513
0.542667 1.3817
0.543 0.548183
0.543333 0.69282
0.543667 0.921225
0.544 -0.0138757
0.544333 -0.288213
0.544667 0.313338
0.545 -8.98868e-14
0.545333 -0.313338
0.545667 0.288213
0.546 0.0138757
0.546333 -0.921225
0.546667 -0.69282
0.547 -0.548183
0.547333 -1.3817
0.547667 -1.19513
0.548 -0.402874
0.548333 -1.03923
0.548667 -1.51612
0.549 -0.601661
0.549333 -0.513901
0.549667 -1.05354
0.55 3.19861e-14
0.550333 1.05354
0.550667 0.513901
0.551 0.601661
0.551333 1.51612
0.551667 1.03923
0.552 0.402874
0.552333 1.19513
0.552667 1.3817
0.553 0.548183
0.553333 0.69282
0.553667 0.921225
0.554 -0.0138757
0.554333 -0.288213
0.554667 0.313338
0.555 -6.42095e-14
0.555333 -0.313338
0.555667 0.288213
0.556 0.0138757
0.556333 -0.921225
0.556667 -0.69282
0.557 -0.548183
0.557333 -1.3817
0.557667 -1.19513
0.558 -0.402874
0.558333 -1.03923
0.558667 -1.51612
0.559 -0.601661
0.559333 -0.513901
0.559667 -1.05354
0.56 1.61551e-13
0.560333 1.05354
0.560667 0.513901
0.561 0.601661
0.561333 1.51612
0.561667 1.03923
0.562 0.402874
0.562333 1.19513
0.562667 1.3817
0.563 0.548183
0.563333 0.69282
0.563667 0.921225
0.564 -0.0138757
0.564333 -0.288213
0.564667 0.313338
0.565 2.79791e-13
0.565333 -0.313338
0.565667 0.288213
0.566 0.0138757
0.566333 -0.921225
0.566667 -0.69282
0.567 -0.548183
0.567333 -1.3817
0.567667 -1.19513
0.568 -0.402874
0.568333 -1.03923
0.568667 -1.51612
0.569 -0.601661
0.569333 -0.513901
0.569667 -1.05354
0.57 -3.00057e-13
0.570333 1.05354
0.570667 0.513901
0.571 0.601661
0.571333 1.51612
0.571667 1.03923
0.572 0.402874
0.572333 1.19513
0.572667 1.3817
0.573 0.548183
0.573333 0.69282
0.573667 0.921225
0.574 -0.0138757
0.574333 -0.288213
0.574667 0.313338
0.575 2.37256e-13
0.575333 -0.313338
0.575667 0.288213
0.576 0.0138757
0.576333 -0.921225
0.576667 -0.69282
0.577 -0.548183
0.577333 -1.3817
0.577667 -1.19513
0.578 -0.402874
0.578333 -1.03923
0.578667 -1.51612
0.579 -0.601661
0.579333 -0.513901
0.579667 -1.05354
0.58 -1.70492e-13
0.580333 1.05354
0.580667 0.513901
0.581 0.601661
0.581333 1.51612
0.581667 1.03923
0.582 0.402874
0.582333 1.19513
0.582667 1.3817
0.583 0.548183
0.583333 0.69282
0.583667 0.921225
0.584 -0.0138757
0.584333 -0.288213
0.584667 0.313338
0.585 2.62933e-13
0.585333 -0.313338
0.585667 0.288213
0.586 0.0138757
0.586333 -0.921225
0.586667 -0.69282
0.587 -0.548183
0.587333 -1.3817
0.587667 -1.19513
0.588 -0.402874
0.588333 -1.03923
0.588667 -1.51612
0.589 -0.601661
0.589333 -0.513901
0.589667 -1.05354
0.59 -2.22827e-13
0.590333 1.05354
0.590667 0.513901
0.591 0.601661
0.591333 1.51612
0.591667 1.03923
0.592 0.402874
0.592333 1.19513
0.592667 1.3817
0.593 0.548183
0.593333 0.69282
0.593667 0.921225
0.594 -0.0138757
0.594333 -0.288213
0.594667 0.313338
0.595 2.20398e-13
0.595333 -0.313338
0.595667 0.288213
0.596 0.0138757
0.596333 -0.921225
0.596667 -0.69282
0.597 -0.548183
0.597333 -1.3817
0.597667 -1.19513
0.598 -0.402874
0.598333 -1.03923
0.598667 -1.51612
0.599 -0.601661
0.599333 -0.513901
0.599667 -1.05354
0.6 -9.32622e-14
0.600333 1.05354
0.600667 0.513901
0.601 0.601661
0.601333 1.51612
0.601667 1.03923
0.602 0.402874
0.602333 1.19513
0.602667 1.3817
0.603 0.548183
0.603333 0.69282
0.603667 0.921225
0.604 -0.0138757
0.604333 -0.288213
0.604667 0.313338
0.605 2.46076e-13
0.605333 -0.313338
0.605667 0.288213
0.606 0.0138757
0.606333 -0.921225
0.606667 -0.69282
0.607 -0.548183
0.607333 -1.3817
0.607667 -1.19513
0.608 -0.402874
0.608333 -1.03923
0.608667 -1.51612
0.609 -0.601661
0.609333 -0.513901
0.609667 -1.05354
0.61 -1.45597e-13
0.610333 1.05354
0.610667 0.513901
0.611 0.601661
0.611333 1.51612
0.611667 1.03923
0.612 0.402874
0.612333 1.19513
0.612667 1.3817
0.613 0.548183
0.613333 0.69282
0.613667 0.921225
0.614 -0.0138757
0.614333 -0.288213
0.614667 0.313338
0.615 2.03541e-13
0.615333 -0.313338
0.615667 0.288213
0.616 0.0138757
0.616333 -0.921225
0.616667 -0.69282
0.617 -0.548183
0.617333 -1.3817
0.617667 -1.19513
0.618 -0.402874
0.618333 -1.03923
0.618667 -1.51612
0.619 -0.601661
0.619333 -0.513901
0.619667 -1.05354
0.62 -1.60322e-14
0.620333 1.05354
0.620667 0.513901
0.621 0.601661
0.621333 1.51612
0.621667 1.03923
0.622 0.402874
0.622333 1.19513
0.622667 1.3817
0.623 0.548183
0.623333 0.69282
0.623667 0.921225
0.624 -0.0138757
0.624333 -0.288213
0.624667 0.313338
0.625 2.29218e-13
0.625333 -0.313338
0.625667 0.288213
0.626 0.0138757
0.626333 -0.921225
0.626667 -0.69282
0.627 -0.548183
0.627333 -1.3817
0.627667 -1.19513
0.628 -0.402874
0.628333 -1.03923
0.628667 -1.51612
0.629 -0.601661
0.629333 -0.513901
0.629667 -1.05354
0.63 -6.83667e-14
0.630333 1.05354
0.630667 0.513901
0.631 0.601661
0.631333 1.51612
0.631667 1.03923
0.632 0.402874
0.632333 1.19513
0.632667 1.3817
0.633 0.548183
0.633333 0.69282
0.633667 0.921225
0.634 -0.0138757
0.634333 -0.288213
0.634667 0.313338
0.635 -4.06903e-14
0.635333 -0.313338
0.635667 0.288213
0.636 0.0138757
0.636333 -0.921225
0.636667 -0.69282
0.637 -0.548183
0.637333 -1.3817
0.637667 -1.19513
0.638 -0.402874
0.638333 -1.03923
0.638667 -1.51612
0.639 -0.601661
0.639333 -0.513901
0.639667 -1.05354
0.64 -1.20701e-13
0.640333 1.05354
0.640667 0.513901
0.641 0.601661
0.641333 1.51612
0.641667 1.03923
0.642 0.402874
0.642333 1.19513
0.642667 1.3817
0.643 0.548183
0.643333 0.69282
0.643667 0.921225
0.644 -0.0138757
0.644333 -0.288213
0.644667 0.313338
0.645 -1.50131e-14
0.645333 -0.313338
0.645667 0.288213
0.646 0.0138757
0.646333 -0.921225
0.646667 -0.69282
0.647 -0.548183
0.647333 -1.3817
0.647667 -1.19513
0.648 -0.402874
0.648333 -1.03923
0.648667 -1.51612
0.649 -0.601661
0.649333 -0.513901
0.649667 -1.05354
0.65 8.86326e-15
0.650333 1.05354
0.650667 0.513901
0.651 0.601661
0.651333 1.51612
0.651667 1.03923
0.652 0.402874
0.652333 1.19513
0.652667 1.3817
0.653 0.548183
0.653333 0.69282
0.653667 0.921225
0.654 -0.0138757
0.654333 -0.288213
0.654667 0.313338
0.655 -5.75479e-14
0.655333 -0.313338
0.655667 0.288213
0.656 0.0138757
0.656333 -0.921225
0.656667 -0.69282
0.657 -0.548183
0.657333 -1.3817
0.657667 -1.19513
0.658 -0.402874
0.658333 -1.03923
0.658667 -1.51612
0.659 -0.601661
0.659333 -0.513901
0.659667 -1.05354
0.66 -4.34712e-14
0.660333 1.05354
0.660667 0.513901
0.661 0.601661
0.661333 1.51612
0.661667 1.03923
0.662 0.402874
0.662333 1.19513
0.662667 1.3817
0.663 0.548183
0.663333 0.69282
0.663667 0.921225
0.664 -0.0138757
0.664333 -0.288213
0.664667 0.313338
0.665 -3.18707e-14
0.665333 -0.313338
0.665667 0.288213
0.666 0.0138757
0.666333 -0.921225
0.666667 -0.69282
0.667 -0.548183
0.667333 -1.3817
0.667667 -1.19513
0.668 -0.402874
0.668333 -1.03923
0.668667 -1.51612
0.669 -0.601661
0.669333 -0.513901
0.669667 -1.05354
0.67 8.60932e-14
0.670333 1.05354
0.670667 0.513901
0.671 0.601661
0.671333 1.51612
0.671667 1.03923
0.672 0.402874
0.672333 1.19513
0.672667 1.3817
0.673 0.548183
0.673333 0.69282
0.673667 0.921225
0.674 -0.0138757
0.674333 -0.288213
0.674667 0.313338
0.675 -7.44055e-14
0.675333 -0.313338
0.675667 0.288213
0.676 0.0138757
0.676333 -0.921225
0.676667 -0.69282
0.677 -0.548183
0.677333 -1.3817
0.677667 -1.19513
0.678 -0.402874
0.678333 -1.03923
0.678667 -1.51612
0.679 -0.601661
0.679333 -0.513901
0.679667 -1.05354
0.68 3.37587e-14
0.680333 1.05354
0.680667 0.513901
0.681 0.601661
0.681333 1.51612
0.681667 1.03923
0.682 0.402874
0.682333 1.19513
0.682667 1.3817
0.683 0.548183
0.683333 0.69282
0.683667 0.921225
0.684 -0.0138757
0.684333 -0.288213
0.684667 0.313338
0.685 -4.87282e-14
0.685333 -0.313338
0.685667 0.288213
0.686 0.0138757
0.686333 -0.921225
0.686667 -0.69282
0.687 -0.548183
0.687333 -1.3817
0.687667 -1.19513
0.688 -0.402874
0.688333 -1.03923
0.688667 -1.51612
0.689 -0.601661
0.689333 -0.513901
0.689667 -1.05354
0.69 -2.45949e-13
0.690333 1.05354
0.690667 0.513901
0.691 0.601661
0.691333 1.51612
0.691667 1.03923
0.692 0.402874
0.692333 1.19513
0.692667 1.3817
0.693 0.548183
0.693333 0.69282
0.693667 0.921225
0.694 -0.0138757
0.694333 -0.288213
0.694667 0.313338
0.695 2.95272e-13
0.695333 -0.313338
0.695667 0.288213
0.696 0.0138757
0.696333 -0.921225
0.696667 -0.69282
0.697 -0.548183
0.697333 -1.3817
0.697667 -1.19513
0.698 -0.402874
0.698333 -1.03923
0.698667 -1.51612
0.699 -0.601661
0.699333 -0.513901
0.699667 -1.05354
0.7 -2.98284e-13
0.700333 1.05354
0.700667 0.513901
0.701 0.601661
0.701333 1.51612
0.701667 1.03923
0.702 0.402874
0.702333 1.19513
0.702667 1.3817
0.703 0.548183
0.703333 0.69282
0.703667 0.921225
0.704 -0.0138757
0.704333 -0.288213
0.704667 0.313338
0.705 2.52737e-13
0.705333 -0.313338
0.705667 0.288213
0.706 0.0138757
0.706333 -0.921225
0.706667 -0.69282
0.707 -0.548183
0.707333 -1.3817
0.707667 -1.19513
0.708 -0.402874
0.708333 -1.03923
0.708667 -1.51612
0.709 -0.601661
0.709333 -0.513901
0.709667 -1.05354
0.71 -1.68719e-13
0.710333 1.05354
0.710667 0.513901
0.711 0.601661
0.711333 1.51612
0.711667 1.03923
0.712 0.402874
0.712333 1.19513
0.712667 1.3817
0.713 0.548183
0.713333 0.69282
0.713667 0.921225
0.714 -0.0138757
0.714333 -0.288213
0.714667 0.313338
0.715 2.78415e-13
0.715333 -0.313338
0.715667 0.288213
0.716 0.0138757
0.716333 -0.921225
0.716667 -0.69282
0.717 -0.548183
0.717333 -1.3817
0.717667 -1.19513
0.718 -0.402874
0.718333 -1.03923
0.718667 -1.51612
0.719 -0.601661
0.719333 -0.513901
0.719667 -1.05354
0.72 -2.21054e-13
0.720333 1.05354
0.720667 0.513901
0.721 0.601661
0.721333 1.51612
0.721667 1.03923
0.722 0.402874
0.722333 1.19513
0.722667 1.3817
0.723 0.548183
0.723333 0.69282
0.723667 0.921225
0.724 -0.0138757
0.724333 -0.288213
0.724667 0.313338
0.725 8.50609e-15
0.725333 -0.313338
0.725667 0.288213
0.726 0.0138757
0.726333 -0.921225
0.726667 -0.69282
0.727 -0.548183
0.727333 -1.3817
0.727667 -1.19513
0.728 -0.402874
0.728333 -1.03923
0.728667 -1.51612
0.729 -0.601661
0.729333 -0.513901
0.729667 -1.05354
0.73 -3.18863e-13
0.730333 1.05354
0.730667 0.513901
0.731 0.601661
0.731333 1.51612
0.731667 1.03923
0.732 0.402874
0.732333 1.19513
0.732667 1.3817
0.733 0.548183
0.733333 0.69282
0.733667 0.921225
0.734 -0.0138757
0.734333 -0.288213
0.734667 0.313338
0.735 2.61557e-13
0.735333 -0.313338
0.735667 0.288213
0.736 0.0138757
0.736333 -0.921225
0.736667 -0.69282
0.737 -0.548183
0.737333 -1.3817
0.737667 -1.19513
0.738 -0.402874
0.738333 -1.03923
0.738667 -1.51612
0.739 -0.601661
0.739333 -0.513901
0.739667 -1.05354
0.74 -1.43824e-13
0.740333 1.05354
0.740667 0.513901
0.741 0.601661
0.741333 1.51612
0.741667 1.03923
0.742 0.402874
0.742333 1.19513
0.742667 1.3817
0.743 0.548183
0.743333 0.69282
0.743667 0.921225
0.744 -0.0138757
0.744333 -0.288213
0.744667 0.313338
0.745 -8.35149e-15
0.745333 -0.313338
0.745667 0.288213
0.746 0.0138757
0.746333 -0.921225
0.746667 -0.69282
0.747 -0.548183
0.747333 -1.3817
0.747667 -1.19513
0.748 -0.402874
0.748333 -1.03923
0.748667 -1.51612
0.749 -0.601661
0.749333 -0.513901
0.749667 -1.05354
0.75 3.12152e-14
0.750333 1.05354
0.750667 0.513901
0.751 0.601661
0.751333 1.51612
0.751667 1.03923
0.752 0.402874
0.752333 1.19513
0.752667 1.3817
0.753 0.548183
0.753333 0.69282
0.753667 0.921225
0.754 -0.0138757
0.754333 -0.288213
0.754667 0.313338
0.755 2.44699e-13
0.755333 -0.313338
0.755667 0.288213
0.756 0.0138757
0.756333 -0.921225
0.756667 -0.69282
0.757 -0.548183
0.757333 -1.3817
0.757667 -1.19513
0.758 -0.402874
0.758333 -1.03923
0.758667 -1.51612
0.759 -0.601661
0.759333 -0.513901
0.759667 -1.05354
0.76 -6.6594e-14
0.760333 1.05354
0.760667 0.513901
0.761 0.601661
0.761333 1.51612
0.761667 1.03923
0.762 0.402874
0.762333 1.19513
0.762667 1.3817
0.763 0.548183
0.763333 0.69282
0.763667 0.921225
0.764 -0.0138757
0.764333 -0.288213
0.764667 0.313338
0.765 -2.52091e-14
0.765333 -0.313338
0.765667 0.288213
0.766 0.0138757
0.766333 -0.921225
0.766667 -0.69282
0.767 -0.548183
0.767333 -1.3817
0.767667 -1.19513
0.768 -0.402874
0.768333 -1.03923
0.768667 -1.51612
0.769 -0.601661
0.769333 -0.513901
0.769667 -1.05354
0.77 1.08445e-13
0.770333 1.05354
0.770667 0.513901
0.771 0.601661
0.771333 1.51612
0.771667 1.03923
0.772 0.402874
0.772333 1.19513
0.772667 1.3817
0.773 0.548183
0.773333 0.69282
0.773667 0.921225
0.774 -0.0138757
0.774333 -0.288213
0.774667 0.313338
0.775 2.27842e-13
0.775333 -0.313338
0.775667 0.288213
0.776 0.0138757
0.776333 -0.921225
0.776667 -0.69282
0.777 -0.548183
0.777333 -1.3817
0.777667 -1.19513
0.778 -0.402874
0.778333 -1.03923
0.778667 -1.51612
0.779 -0.601661
0.779333 -0.513901
0.779667 -1.05354
0.78 1.06359e-14
0.780333 1.05354
0.780667 0.513901
0.781 0.601661
0.781333 1.51612
0.781667 1.03923
0.782 0.402874
0.782333 1.19513
0.782667 1.3817
0.783 0.548183
0.783333 0.69282
0.783667 0.921225
0.784 -0.0138757
0.784333 -0.288213
0.784667 0.313338
0.785 -4.20666e-14
0.785333 -0.313338
0.785667 0.288213
0.786 0.0138757
0.786333 -0.921225
0.786667 -0.69282
0.787 -0.548183
0.787333 -1.3817
0.787667 -1.19513
0.788 -0.402874
0.788333 -1.03923
0.788667 -1.51612
0.789 -0.601661
0.789333 -0.513901
0.789667 -1.05354
0.79 1.85675e-13
0.790333 1.05354
0.790667 0.513901
0.791 0.601661
0.791333 1.51612
0.791667 1.03923
0.792 0.402874
0.792333 1.19513
0.792667 1.3817
0.793 0.548183
0.793333 0.69282
0.793667 0.921225
0.794 -0.0138757
0.794333 -0.288213
0.794667 0.313338
0.795 2.10984e-13
0.795333 -0.313338
0.795667 0.288213
0.796 0.0138757
0.796333 -0.921225
0.796667 -0.69282
0.797 -0.548183
0.797333 -1.3817
0.797667 -1.19513
0.798 -0.402874
0.798333 -1.03923
0.798667 -1.51612
0.799 -0.601661
0.799333 -0.513901
0.799667 -1.05354
0.8 8.78659e-14
0.800333 1.05354
0.800667 0.513901
0.801 0.601661
0.801333 1.51612
0.801667 1.03923
0.802 0.402874
0.802333 1.19513
0.802667 1.3817
0.803 0.548183
0.803333 0.69282
0.803667 0.921225
0.804 -0.0138757
0.804333 -0.288213
0.804667 0.313338
0.805 -5.89242e-14
0.805333 -0.313338
0.805667 0.288213
0.806 0.0138757
0.806333 -0.921225
0.806667 -0.69282
0.807 -0.548183
0.807333 -1.3817
0.807667 -1.19513
0.808 -0.402874
0.808333 -1.03923
0.808667 -1.51612
0.809 -0.601661
0.809333 -0.513901
0.809667 -1.05354
0.81 2.62905e-13
0.810333 1.05354
0.810667 0.513901
0.811 0.601661
0.811333 1.51612
0.811667 1.03923
0.812 0.402874
0.812333 1.19513
0.812667 1.3817
0.813 0.548183
0.813333 0.69282
0.813667 0.921225
0.814 -0.0138757
0.814333 -0.288213
0.814667 0.313338
0.815 5.77025e-14
0.815333 -0.313338
0.815667 0.288213
0.816 0.0138757
0.816333 -0.921225
0.816667 -0.69282
0.817 -0.548183
0.817333 -1.3817
0.817667 -1.19513
0.818 -0.402874
0.818333 -1.03923
0.818667 -1.51612
0.819 -0.601661
0.819333 -0.513901
0.819667 -1.05354
0.82 -6.53449e-13
0.820333 1.05354
0.820667 0.513901
0.821 0.601661
0.821333 1.51612
0.821667 1.03923
0.822 0.402874
0.822333 1.19513
0.822667 1.3817
0.823 0.548183
0.823333 0.69282
0.823667 0.921225
0.824 -0.0138757
0.824333 -0.288213
0.824667 0.313338
0.825 2.42541e-13
0.825333 -0.313338
0.825667 0.288213
0.826 0.0138757
0.826333 -0.921225
0.826667 -0.69282
0.827 -0.548183
0.827333 -1.3817
0.827667 -1.19513
0.828 -0.402874
0.828333 -1.03923
0.828667 -1.51612
0.829 -0.601661
0.829333 -0.513901
0.829667 -1.05354
0.83 -1.14612e-13
0.830333 1.05354
0.830667 0.513901
0.831 0.601661
0.831333 1.51612
0.831667 1.03923
0.832 0.402874
0.832333 1.19513
0.832667 1.3817
0.833 0.548183
0.833333 0.69282
0.833667 0.921225
0.834 -0.0138757
0.834333 -0.288213
0.834667 0.313338
0.835 1.09057e-13
0.835333 -0.313338
0.835667 0.288213
0.836 0.0138757
0.836333 -0.921225
0.836667 -0.69282
0.837 -0.548183
0.837333 -1.3817
0.837667 -1.19513
0.838 -0.402874
0.838333 -1.03923
0.838667 -1.51612
0.839 -0.601661
0.839333 -0.513901
0.839667 -1.05354
0.84 -3.9432e-13
0.840333 1.05354
0.840667 0.513901
0.841 0.601661
0.841333 1.51612
0.841667 1.03923
0.842 0.402874
0.842333 1.19513
0.842667 1.3817
0.843 0.548183
0.843333 0.69282
0.843667 0.921225
0.844 -0.0138757
0.844333 -0.288213
0.844667 0.313338
0.845 2.93896e-13
0.845333 -0.313338
0.845667 0.288213
0.846 0.0138757
0.846333 -0.921225
0.846667 -0.69282
0.847 -0.548183
0.847333 -1.3817
0.847667 -1.19513
0.848 -0.402874
0.848333 -1.03923
0.848667 -1.51612
0.849 -0.601661
0.849333 -0.513901
0.849667 -1.05354
0.85 -2.19281e-13
0.850333 1.05354
0.850667 0.513901
0.851 0.601661
0.851333 1.51612
0.851667 1.03923
0.852 0.402874
0.852333 1.19513
0.852667 1.3817
0.853 0.548183
0.853333 0.69282
0.853667 0.921225
0.854 -0.0138757
0.854333 -0.288213
0.854667 0.313338
0.855 2.39874e-14
0.855333 -0.313338
0.855667 0.288213
0.856 0.0138757
0.856333 -0.921225
0.856667 -0.69282
0.857 -0.548183
0.857333 -1.3817
0.857667 -1.19513
0.858 -0.402874
0.858333 -1.03923
0.858667 -1.51612
0.859 -0.601661
0.859333 -0.513901
0.859667 -1.05354
0.86 -4.98989e-13
0.860333 1.05354
0.860667 0.513901
0.861 0.601661
0.861333 1.51612
0.861667 1.03923
0.862 0.402874
0.862333 1.19513
0.862667 1.3817
0.863 0.548183
0.863333 0.69282
0.863667 0.921225
0.864 -0.0138757
0.864333 -0.288213
0.864667 0.313338
0.865 2.08826e-13
0.865333 -0.313338
0.865667 0.288213
0.866 0.0138757
0.866333 -0.921225
0.866667 -0.69282
0.867 -0.548183
0.867333 -1.3817
0.867667 -1.19513
0.868 -0.402874
0.868333 -1.03923
0.868667 -1.51612
0.869 -0.601661
0.869333 -0.513901
0.869667 -1.05354
0.87 3.98476e-14
0.870333 1.05354
0.870667 0.513901
0.871 0.601661
0.871333 1.51612
0.871667 1.03923
0.872 0.402874
0.872333 1.19513
0.872667 1.3817
0.873 0.548183
0.873333 0.69282
0.873667 0.921225
0.874 -0.0138757
0.874333 -0.288213
0.874667 0.313338
0.875 7.53419e-14
0.875333 -0.313338
0.875667 0.288213
0.876 0.0138757
0.876333 -0.921225
0.876667 -0.69282
0.877 -0.548183
0.877333 -1.3817
0.877667 -1.19513
0.878 -0.402874
0.878333 -1.03923
0.878667 -1.51612
0.879 -0.601661
0.879333 -0.513901
0.879667 -1.05354
0.88 2.14887e-13
0.880333 1.05354
0.880667 0.513901
0.881 0.601661
0.881333 1.51612
0.881667 1.03923
0.882 0.402874
0.882333 1.19513
0.882667 1.3817
0.883 0.548183
0.883333 0.69282
0.883667 0.921225
0.884 -0.0138757
0.884333 -0.288213
0.884667 0.313338
0.885 2.60181e-13
0.885333 -0.313338
0.885667 0.288213
0.886 0.0138757
0.886333 -0.921225
0.886667 -0.69282
0.887 -0.548183
0.887333 -1.3817
0.887667 -1.19513
0.888 -0.402874
0.888333 -1.03923
0.888667 -1.51612
0.889 -0.601661
0.889333 -0.513901
0.889667 -1.05354
0.89 -6.48214e-14
0.890333 1.05354
0.890667 0.513901
0.891 0.601661
0.891333 1.51612
0.891667 1.03923
0.892 0.402874
0.892333 1.19513
0.892667 1.3817
0.893 0.548183
0.893333 0.69282
0.893667 0.921225
0.894 -0.0138757
0.894333 -0.288213
0.894667 0.313338
0.895 -9.7278e-15
0.895333 -0.313338
0.895667 0.288213
0.896 0.0138757
0.896333 -0.921225
0.896667 -0.69282
0.897 -0.548183
0.897333 -1.3817
0.897667 -1.19513
0.898 -0.402874
0.898333 -1.03923
0.898667 -1.51612
0.899 -0.601661
0.899333 -0.513901
0.899667 -1.05354
0.9 1.10218e-13
0.900333 1.05354
0.900667 0.513901
0.901 0.601661
0.901333 1.51612
0.901667 1.03923
0.902 0.402874
0.902333 1.19513
0.902667 1.3817
0.903 0.548183
0.903333 0.69282
0.903667 0.921225
0.904 -0.0138757
0.904333 -0.288213
0.904667 0.313338
0.905 1.75111e-13
0.905333 -0.313338
0.905667 0.288213
0.906 0.0138757
0.906333 -0.921225
0.906667 -0.69282
0.907 -0.548183
0.907333 -1.3817
0.907667 -1.19513
0.908 -0.402874
0.908333 -1.03923
0.908667 -1.51612
0.909 -0.601661
0.909333 -0.513901
0.909667 -1.05354
0.91 -1.6949e-13
0.910333 1.05354
0.910667 0.513901
0.911 0.601661
0.911333 1.51612
0.911667 1.03923
0.912 0.402874
0.912333 1.19513
0.912667 1.3817
0.913 0.548183
0.913333 0.69282
0.913667 0.921225
0.914 -0.0138757
0.914333 -0.288213
0.914667 0.313338
0.915 4.16267e-14
0.915333 -0.313338
0.915667 0.288213
0.916 0.0138757
0.916333 -0.921225
0.916667 -0.69282
0.917 -0.548183
0.917333 -1.3817
0.917667 -1.19513
0.918 -0.402874
0.918333 -1.03923
0.918667 -1.51612
0.919 -0.601661
0.919333 -0.513901
0.919667 -1.05354
0.92 3.69347e-13
0.920333 1.05354
0.920667 0.513901
0.921 0.601661
0.921333 1.51612
0.921667 1.03923
0.922 0.402874
0.922333 1.19513
0.922667 1.3817
0.923 0.548183
0.923333 0.69282
0.923667 0.921225
0.924 -0.0138757
0.924333 -0.288213
0.924667 0.313338
0.925 2.26466e-13
0.925333 -0.313338
0.925667 0.288213
0.926 0.0138757
0.926333 -0.921225
0.926667 -0.69282
0.927 -0.548183
0.927333 -1.3817
0.927667 -1.19513
0.928 -0.402874
0.928333 -1.03923
0.928667 -1.51612
0.929 -0.601661
0.929333 -0.513901
0.929667 -1.05354
0.93 8.96385e-14
0.930333 1.05354
0.930667 0.513901
0.931 0.601661
0.931333 1.51612
0.931667 1.03923
0.932 0.402874
0.932333 1.19513
0.932667 1.3817
0.933 0.548183
0.933333 0.69282
0.933667 0.921225
0.934 -0.0138757
0.934333 -0.288213
0.934667 0.313338
0.935 -4.3443e-14
0.935333 -0.313338
0.935667 0.288213
0.936 0.0138757
0.936333 -0.921225
0.936667 -0.69282
0.937 -0.548183
0.937333 -1.3817
0.937667 -1.19513
0.938 -0.402874
0.938333 -1.03923
0.938667 -1.51612
0.939 -0.601661
0.939333 -0.513901
0.939667 -1.05354
0.94 -1.9007e-13
0.940333 1.05354
0.940667 0.513901
0.941 0.601661
0.941333 1.51612
0.941667 1.03923
0.942 0.402874
0.942333 1.19513
0.942667 1.3817
0.943 0.548183
0.943333 0.69282
0.943667 0.921225
0.944 -0.0138757
0.944333 -0.288213
0.944667 0.313338
0.945 1.41396e-13
0.945333 -0.313338
0.945667 0.288213
0.946 0.0138757
0.946333 -0.921225
0.946667 -0.69282
0.947 -0.548183
0.947333 -1.3817
0.947667 -1.19513
0.948 -0.402874
0.948333 -1.03923
0.948667 -1.51612
0.949 -0.601661
0.949333 -0.513901
0.949667 -1.05354
0.95 -4.69778e-13
0.950333 1.05354
0.950667 0.513901
0.951 0.601661
0.951333 1.51612
0.951667 1.03923
0.952 0.402874
0.952333 1.19513
0.952667 1.3817
0.953 0.548183
0.953333 0.69282
0.953667 0.921225
0.954 -0.0138757
0.954333 -0.288213
0.954667 0.313338
0.955 3.26235e-13
0.955333 -0.313338
0.955667 0.288213
0.956 0.0138757
0.956333 -0.921225
0.956667 -0.69282
0.957 -0.548183
0.957333 -1.3817
0.957667 -1.19513
0.958 -0.402874
0.958333 -1.03923
0.958667 -1.51612
0.959 -0.601661
0.959333 -0.513901
0.959667 -1.05354
0.96 -2.94739e-13
0.960333 1.05354
0.960667 0.513901
0.961 0.601661
0.961333 1.51612
0.961667 1.03923
0.962 0.402874
0.962333 1.19513
0.962667 1.3817
0.963 0.548183
0.963333 0.69282
0.963667 0.921225
0.964 -0.0138757
0.964333 -0.288213
0.964667 0.313338
0.965 5.63262e-14
0.965333 -0.313338
0.965667 0.288213
0.966 0.0138757
0.966333 -0.921225
0.966667 -0.69282
0.967 -0.548183
0.967333 -1.3817
0.967667 -1.19513
0.968 -0.402874
0.968333 -1.03923
0.968667 -1.51612
0.969 -0.601661
0.969333 -0.513901
0.969667 -1.05354
0.97 -5.74447e-13
0.970333 1.05354
0.970667 0.513901
0.971 0.601661
0.971333 1.51612
0.971667 1.03923
0.972 0.402874
0.972333 1.19513
0.972667 1.3817
0.973 0.548183
0.973333 0.69282
0.973667 0.921225
0.974 -0.0138757
0.974333 -0.288213
0.974667 0.313338
0.975 2.41165e-13
0.975333 -0.313338
0.975667 0.288213
0.976 0.0138757
0.976333 -0.921225
0.976667 -0.69282
0.977 -0.548183
0.977333 -1.3817
0.977667 -1.19513
0.978 -0.402874
0.978333 -1.03923
0.978667 -1.51612
0.979 -0.601661
0.979333 -0.513901
0.979667 -1.05354
0.98 -3.56097e-14
0.980333 1.05354
0.980667 0.513901
0.981 0.601661
0.981333 1.51612
0.981667 1.03923
0.982 0.402874
0.982333 1.19513
0.982667 1.3817
0.983 0.548183
0.983333 0.69282
0.983667 0.921225
0.984 -0.0138757
0.984333 -0.288213
0.984667 0.313338
0.985 1.07681e-13
0.985333 -0.313338
0.985667 0.288213
0.986 0.0138757
0.986333 -0.921225
0.986667 -0.69282
0.987 -0.548183
0.987333 -1.3817
0.987667 -1.19513
0.988 -0.402874
0.988333 -1.03923
0.988667 -1.51612
0.989 -0.601661
0.989333 -0.513901
0.989667 -1.05354
0.99 -3.15318e-13
0.990333 1.05354
0.990667 0.513901
0.991 0.601661
0.991333 1.51612
0.991667 1.03923
0.992 0.402874
0.992333 1.19513
0.992667 1.3817
0.993 0.548183
0.993333 0.69282
0.993667 0.921225
0.994 -0.0138757
0.994333 -0.288213
0.994667 0.313338
0.995 2.9252e-13
0.995333 -0.313338
0.995667 0.288213
0.996 0.0138757
0.996333 -0.921225
0.996667 -0.69282
0.997 -0.548183
0.997333 -1.3817
0.997667 -1.19513
0.998 -0.402874
0.998333 -1.03923
0.998667 -1.51612
0.999 -0.601661
0.999333 -0.513901
0.999667 -1.05354
