0 0
0.000333333 20
0.000666667 68
0.001 105
0.00133333 114
0.00166667 124
0.002 114
0.00233333 79
0.00266667 72
0.003 98
0.00333333 104
0.00366667 84
0.004 54
0.00433333 3
0.00466667 -42
0.005 -38
0.00533333 -7
0.00566667 16
0.006 25
0.00633333 3
0.00666667 -64
0.007 -119
0.00733333 -131
0.00766667 -127
0.008 -107
0.00833333 -71
0.00866667 -65
0.009 -100
0.00933333 -113
0.00966667 -88
0.01 -53
0.0103333 13
0.0106667 101
0.011 143
0.0113333 127
0.0116667 110
0.012 89
0.0123333 65
0.0126667 77
0.013 113
0.0133333 116
0.0136667 85
0.014 47
0.0143333 -5
0.0146667 -45
0.015 -35
0.0153333 -1
0.0156667 18
0.016 24
0.0163333 0
0.0166667 -66
0.017 -119
0.0173333 -130
0.0176667 -126
0.018 -108
0.0183333 -71
0.0186667 -67
0.019 -101
0.0193333 -112
0.0196667 -88
0.02 -53
0.0203333 12
0.0206667 101
0.021 142
0.0213333 128
0.0216667 110
0.022 90
0.0223333 65
0.0226667 77
0.023 113
0.0233333 115
0.0236667 85
0.024 47
0.0243333 -5
0.0246667 -45
0.025 -35
0.0253333 -1
0.0256667 18
0.026 24
0.0263333 0
0.0266667 -66
0.027 -119
0.0273333 -130
0.0276667 -126
0.028 -108
0.0283333 -71
0.0286667 -67
0.029 -101
0.0293333 -112
0.0296667 -88
0.03 -53
0.0303333 12
0.0306667 101
0.031 142
0.0313333 128
0.0316667 110
0.032 90
0.0323333 65
0.0326667 77
0.033 113
0.0333333 115
0.0336667 85
0.034 47
0.0343333 -5
0.0346667 -45
0.035 -35
0.0353333 -1
0.0356667 18
0.036 24
0.0363333 0
0.0366667 -66
0.037 -119
0.0373333 -130
0.0376667 -126
0.038 -108
0.0383333 -71
0.0386667 -67
0.039 -101
0.0393333 -112
0.0396667 -88
0.04 -53
0.0403333 12
0.0406667 101
0.041 142
0.0413333 128
0.0416667 110
0.042 90
0.0423333 65
0.0426667 77
0.043 113
0.0433333 115
0.0436667 85
0.044 47
0.0443333 -5
0.0446667 -45
0.045 -35
0.0453333 -1
0.0456667 18
0.046 24
0.0463333 0
0.0466667 -66
0.047 -119
0.0473333 -130
0.0476667 -126
0.048 -108
0.0483333 -71
0.0486667 -67
0.049 -101
0.0493333 -112
0.0496667 -88
0.05 -53
0.0503333 12
0.0506667 101
0.051 142
0.0513333 128
0.0516667 110
0.052 90
0.0523333 65
0.0526667 77
0.053 113
0.0533333 115
0.0536667 85
0.054 47
0.0543333 -5
0.0546667 -45
0.055 -35
0.0553333 -1
0.0556667 18
0.056 24
0.0563333 0
0.0566667 -66
0.057 -119
0.0573333 -130
0.0576667 -126
0.058 -108
0.0583333 -71
0.0586667 -67
0.059 -101
0.0593333 -112
0.0596667 -88
0.06 -53
0.0603333 12
0.0606667 101
0.061 142
0.0613333 128
0.0616667 110
0.062 90
0.0623333 65
0.0626667 77
0.063 113
0.0633333 115
0.0636667 85
0.064 47
0.0643333 -5
0.0646667 -45
0.065 -35
0.0653333 -1
0.0656667 18
0.066 24
0.0663333 0
0.0666667 -66
0.067 -119
0.0673333 -130
0.0676667 -126
0.068 -108
0.0683333 -71
0.0686667 -67
0.069 -101
0.0693333 -112
0.0696667 -88
0.07 -53
0.0703333 12
0.0706667 101
0.071 142
0.0713333 128
0.0716667 110
0.072 90
0.0723333 65
0.0726667 77
0.073 113
0.0733333 115
0.0736667 85
0.074 47
0.0743333 -5
0.0746667 -45
0.075 -35
0.0753333 -1
0.0756667 18
0.076 24
0.0763333 0
0.0766667 -66
0.077 -119
0.0773333 -130
0.0776667 -126
0.078 -108
0.0783333 -71
0.0786667 -67
0.079 -101
0.0793333 -112
0.0796667 -88
0.08 -53
0.0803333 12
0.0806667 101
0.081 142
0.0813333 128
0.0816667 110
0.082 90
0.0823333 65
0.0826667 77
0.083 113
0.0833333 115
0.0836667 85
0.084 47
0.0843333 -5
0.0846667 -45
0.085 -35
0.0853333 -1
0.0856667 18
0.086 24
0.0863333 0
0.0866667 -66
0.087 -119
0.0873333 -130
0.0876667 -126
0.088 -108
0.0883333 -71
0.0886667 -67
0.089 -101
0.0893333 -112
0.0896667 -88
0.09 -53
0.0903333 12
0.0906667 101
0.091 142
0.0913333 128
0.0916667 110
0.092 90
0.0923333 65
0.0926667 77
0.093 113
0.0933333 115
0.0936667 85
0.094 47
0.0943333 -5
0.0946667 -45
0.095 -35
0.0953333 -1
0.0956667 18
0.096 24
0.0963333 0
0.0966667 -66
0.097 -119
0.0973333 -130
0.0976667 -126
0.098 -108
0.0983333 -71
0.0986667 -67
0.099 -101
0.0993333 -112
0.0996667 -88
0.1 -53
0.100333 12
0.100667 101
0.101 142
0.101333 128
0.101667 110
0.102 90
0.102333 65
0.102667 77
0.103 113
0.103333 115
0.103667 85
0.104 47
0.104333 -5
0.104667 -45
0.105 -35
0.105333 -1
0.105667 18
0.106 24
0.106333 0
0.106667 -66
0.107 -119
0.107333 -130
0.107667 -126
0.108 -108
0.108333 -71
0.108667 -67
0.109 -101
0.109333 -112
0.109667 -88
0.11 -53
0.110333 12
0.110667 101
0.111 142
0.111333 128
0.111667 110
0.112 90
0.112333 65
0.112667 77
0.113 113
0.113333 115
0.113667 85
0.114 47
0.114333 -5
0.114667 -45
0.115 -35
0.115333 -1
0.115667 18
0.116 24
0.116333 0
0.116667 -66
0.117 -119
0.117333 -130
0.117667 -126
0.118 -108
0.118333 -71
0.118667 -67
0.119 -101
0.119333 -112
0.119667 -88
0.12 -53
0.120333 12
0.120667 101
0.121 142
0.121333 128
0.121667 110
0.122 90
0.122333 65
0.122667 77
0.123 113
0.123333 115
0.123667 85
0.124 47
0.124333 -5
0.124667 -45
0.125 -35
0.125333 -1
0.125667 18
0.126 24
0.126333 0
0.126667 -66
0.127 -119
0.127333 -130
0.127667 -126
0.128 -108
0.128333 -71
0.128667 -67
0.129 -101
0.129333 -112
0.129667 -88
0.13 -53
0.130333 12
0.130667 101
0.131 142
0.131333 128
0.131667 110
0.132 90
0.132333 65
0.132667 77
0.133 113
0.133333 115
0.133667 85
0.134 47
0.134333 -5
0.134667 -45
0.135 -35
0.135333 -1
0.135667 18
0.136 24
0.136333 0
0.136667 -66
0.137 -119
0.137333 -130
0.137667 -126
0.138 -108
0.138333 -71
0.138667 -67
0.139 -101
0.139333 -112
0.139667 -88
0.14 -53
0.140333 12
0.140667 101
0.141 142
0.141333 128
0.141667 110
0.142 90
0.142333 65
0.142667 77
0.143 113
0.143333 115
0.143667 85
0.144 47
0.144333 -5
0.144667 -45
0.145 -35
0.145333 -1
0.145667 18
0.146 24
0.146333 0
0.146667 -66
0.147 -119
0.147333 -130
0.147667 -126
0.148 -108
0.148333 -71
0.148667 -67
0.149 -101
0.149333 -112
0.149667 -88
0.15 -53
0.150333 12
0.150667 101
0.151 142
0.151333 128
0.151667 110
0.152 90
0.152333 65
0.152667 77
0.153 113
0.153333 115
0.153667 85
0.154 47
0.154333 -5
0.154667 -45
0.155 -35
0.155333 -1
0.155667 18
0.156 24
0.156333 0
0.156667 -66
0.157 -119
0.157333 -130
0.157667 -126
0.158 -108
0.158333 -71
0.158667 -67
0.159 -101
0.159333 -112
0.159667 -88
0.16 -53
0.160333 12
0.160667 101
0.161 142
0.161333 128
0.161667 110
0.162 90
0.162333 65
0.162667 77
0.163 113
0.163333 115
0.163667 85
0.164 47
0.164333 -5
0.164667 -45
0.165 -35
0.165333 -1
0.165667 18
0.166 24
0.166333 0
0.166667 -66
0.167 -119
0.167333 -130
0.167667 -126
0.168 -108
0.168333 -71
0.168667 -67
0.169 -101
0.169333 -112
0.169667 -88
0.17 -53
0.170333 12
0.170667 101
0.171 142
0.171333 128
0.171667 110
0.172 90
0.172333 65
0.172667 77
0.173 113
0.173333 115
0.173667 85
0.174 47
0.174333 -5
0.174667 -45
0.175 -35
0.175333 -1
0.175667 18
0.176 24
0.176333 0
0.176667 -66
0.177 -119
0.177333 -130
0.177667 -126
0.178 -108
0.178333 -71
0.178667 -67
0.179 -101
0.179333 -112
0.179667 -88
0.18 -53
0.180333 12
0.180667 101
0.181 142
0.181333 128
0.181667 110
0.182 90
0.182333 65
0.182667 77
0.183 113
0.183333 115
0.183667 85
0.184 47
0.184333 -5
0.184667 -45
0.185 -35
0.185333 -1
0.185667 18
0.186 24
0.186333 0
0.186667 -66
0.187 -119
0.187333 -130
0.187667 -126
0.188 -108
0.188333 -71
0.188667 -67
0.189 -101
0.189333 -112
0.189667 -88
0.19 -53
0.190333 12
0.190667 101
0.191 142
0.191333 128
0.191667 110
0.192 90
0.192333 65
0.192667 77
0.193 113
0.193333 115
0.193667 85
0.194 47
0.194333 -5
0.194667 -45
0.195 -35
0.195333 -1
0.195667 18
0.196 24
0.196333 0
0.196667 -66
0.197 -119
0.197333 -130
0.197667 -126
0.198 -108
0.198333 -71
0.198667 -67
0.199 -101
0.199333 -112
0.199667 -88
0.2 -53
0.200333 12
0.200667 101
0.201 142
0.201333 128
0.201667 110
0.202 90
0.202333 65
0.202667 77
0.203 113
0.203333 115
0.203667 85
0.204 47
0.204333 -5
0.204667 -45
0.205 -35
0.205333 -1
0.205667 18
0.206 24
0.206333 0
0.206667 -66
0.207 -119
0.207333 -130
0.207667 -126
0.208 -108
0.208333 -71
0.208667 -67
0.209 -101
0.209333 -112
0.209667 -88
0.21 -53
0.210333 12
0.210667 101
0.211 142
0.211333 128
0.211667 110
0.212 90
0.212333 65
0.212667 77
0.213 113
0.213333 115
0.213667 85
0.214 47
0.214333 -5
0.214667 -45
0.215 -35
0.215333 -1
0.215667 18
0.216 24
0.216333 0
0.216667 -66
0.217 -119
0.217333 -130
0.217667 -126
0.218 -108
0.218333 -71
0.218667 -67
0.219 -101
0.219333 -112
0.219667 -88
0.22 -53
0.220333 12
0.220667 101
0.221 142
0.221333 128
0.221667 110
0.222 90
0.222333 65
0.222667 77
0.223 113
0.223333 115
0.223667 85
0.224 47
0.224333 -5
0.224667 -45
0.225 -35
0.225333 -1
0.225667 18
0.226 24
0.226333 0
0.226667 -66
0.227 -119
0.227333 -130
0.227667 -126
0.228 -108
0.228333 -71
0.228667 -67
0.229 -101
0.229333 -112
0.229667 -88
0.23 -53
0.230333 12
0.230667 101
0.231 142
0.231333 128
0.231667 110
0.232 90
0.232333 65
0.232667 77
0.233 113
0.233333 115
0.233667 85
0.234 47
0.234333 -5
0.234667 -45
0.235 -35
0.235333 -1
0.235667 18
0.236 24
0.236333 0
0.236667 -66
0.237 -119
0.237333 -130
0.237667 -126
0.238 -108
0.238333 -71
0.238667 -67
0.239 -101
0.239333 -112
0.239667 -88
0.24 -53
0.240333 12
0.240667 101
0.241 142
0.241333 128
0.241667 110
0.242 90
0.242333 65
0.242667 77
0.243 113
0.243333 115
0.243667 85
0.244 47
0.244333 -5
0.244667 -45
0.245 -35
0.245333 -1
0.245667 18
0.246 24
0.246333 0
0.246667 -66
0.247 -119
0.247333 -130
0.247667 -126
0.248 -108
0.248333 -71
0.248667 -67
0.249 -101
0.249333 -112
0.249667 -88
0.25 -53
0.250333 12
0.250667 101
0.251 142
0.251333 128
0.251667 110
0.252 90
0.252333 65
0.252667 77
0.253 113
0.253333 115
0.253667 85
0.254 47
0.254333 -5
0.254667 -45
0.255 -35
0.255333 -1
0.255667 18
0.256 24
0.256333 0
0.256667 -66
0.257 -119
0.257333 -130
0.257667 -126
0.258 -108
0.258333 -71
0.258667 -67
0.259 -101
0.259333 -112
0.259667 -88
0.26 -53
0.260333 12
0.260667 101
0.261 142
0.261333 128
0.261667 110
0.262 90
0.262333 65
0.262667 77
0.263 113
0.263333 115
0.263667 85
0.264 47
0.264333 -5
0.264667 -45
0.265 -35
0.265333 -1
0.265667 18
0.266 24
0.266333 0
0.266667 -66
0.267 -119
0.267333 -130
0.267667 -126
0.268 -108
0.268333 -71
0.268667 -67
0.269 -101
0.269333 -112
0.269667 -88
0.27 -53
0.270333 12
0.270667 101
0.271 142
0.271333 128
0.271667 110
0.272 90
0.272333 65
0.272667 77
0.273 113
0.273333 115
0.273667 85
0.274 47
0.274333 -5
0.274667 -45
0.275 -35
0.275333 -1
0.275667 18
0.276 24
0.276333 0
0.276667 -66
0.277 -119
0.277333 -130
0.277667 -126
0.278 -108
0.278333 -71
0.278667 -67
0.279 -101
0.279333 -112
0.279667 -88
0.28 -53
0.280333 12
0.280667 101
0.281 142
0.281333 128
0.281667 110
0.282 90
0.282333 65
0.282667 77
0.283 113
0.283333 115
0.283667 85
0.284 47
0.284333 -5
0.284667 -45
0.285 -35
0.285333 -1
0.285667 18
0.286 24
0.286333 0
0.286667 -66
0.287 -119
0.287333 -130
0.287667 -126
0.288 -108
0.288333 -71
0.288667 -67
0.289 -101
0.289333 -112
0.289667 -88
0.29 -53
0.290333 12
0.290667 101
0.291 142
0.291333 128
0.291667 110
0.292 90
0.292333 65
0.292667 77
0.293 113
0.293333 115
0.293667 85
0.294 47
0.294333 -5
0.294667 -45
0.295 -35
0.295333 -1
0.295667 18
0.296 24
0.296333 0
0.296667 -66
0.297 -119
0.297333 -130
0.297667 -126
0.298 -108
0.298333 -71
0.298667 -67
0.299 -101
0.299333 -112
0.299667 -88
0.3 -53
0.300333 12
0.300667 101
0.301 142
0.301333 128
0.301667 110
0.302 90
0.302333 65
0.302667 77
0.303 113
0.303333 115
0.303667 85
0.304 47
0.304333 -5
0.304667 -45
0.305 -35
0.305333 -1
0.305667 18
0.306 24
0.306333 0
0.306667 -66
0.307 -119
0.307333 -130
0.307667 -126
0.308 -108
0.308333 -71
0.308667 -67
0.309 -101
0.309333 -112
0.309667 -88
0.31 -53
0.310333 12
0.310667 101
0.311 142
0.311333 128
0.311667 110
0.312 90
0.312333 65
0.312667 77
0.313 113
0.313333 115
0.313667 85
0.314 47
0.314333 -5
0.314667 -45
0.315 -35
0.315333 -1
0.315667 18
0.316 24
0.316333 0
0.316667 -66
0.317 -119
0.317333 -130
0.317667 -126
0.318 -108
0.318333 -71
0.318667 -67
0.319 -101
0.319333 -112
0.319667 -88
0.32 -53
0.320333 12
0.320667 101
0.321 142
0.321333 128
0.321667 110
0.322 90
0.322333 65
0.322667 77
0.323 113
0.323333 115
0.323667 85
0.324 47
0.324333 -5
0.324667 -45
0.325 -35
0.325333 -1
0.325667 18
0.326 24
0.326333 0
0.326667 -66
0.327 -119
0.327333 -130
0.327667 -126
0.328 -108
0.328333 -71
0.328667 -67
0.329 -101
0.329333 -112
0.329667 -88
0.33 -53
0.330333 12
0.330667 101
0.331 142
0.331333 128
0.331667 110
0.332 90
0.332333 65
0.332667 77
0.333 113
0.333333 115
0.333667 85
0.334 47
0.334333 -5
0.334667 -45
0.335 -35
0.335333 -1
0.335667 18
0.336 24
0.336333 0
0.336667 -66
0.337 -119
0.337333 -130
0.337667 -126
0.338 -108
0.338333 -71
0.338667 -67
0.339 -101
0.339333 -112
0.339667 -88
0.34 -53
0.340333 12
0.340667 101
0.341 142
0.341333 128
0.341667 110
0.342 90
0.342333 65
0.342667 77
0.343 113
0.343333 115
0.343667 85
0.344 47
0.344333 -5
0.344667 -45
0.345 -35
0.345333 -1
0.345667 18
0.346 24
0.346333 0
0.346667 -66
0.347 -119
0.347333 -130
0.347667 -126
0.348 -108
0.348333 -71
0.348667 -67
0.349 -101
0.349333 -112
0.349667 -88
0.35 -53
0.350333 12
0.350667 101
0.351 142
0.351333 128
0.351667 110
0.352 90
0.352333 65
0.352667 77
0.353 113
0.353333 115
0.353667 85
0.354 47
0.354333 -5
0.354667 -45
0.355 -35
0.355333 -1
0.355667 18
0.356 24
0.356333 0
0.356667 -66
0.357 -119
0.357333 -130
0.357667 -126
0.358 -108
0.358333 -71
0.358667 -67
0.359 -101
0.359333 -112
0.359667 -88
0.36 -53
0.360333 12
0.360667 101
0.361 142
0.361333 128
0.361667 110
0.362 90
0.362333 65
0.362667 77
0.363 113
0.363333 115
0.363667 85
0.364 47
0.364333 -5
0.364667 -45
0.365 -35
0.365333 -1
0.365667 18
0.366 24
0.366333 0
0.366667 -66
0.367 -119
0.367333 -130
0.367667 -126
0.368 -108
0.368333 -71
0.368667 -67
0.369 -101
0.369333 -112
0.369667 -88
0.37 -53
0.370333 12
0.370667 101
0.371 142
0.371333 128
0.371667 110
0.372 90
0.372333 65
0.372667 77
0.373 113
0.373333 115
0.373667 85
0.374 47
0.374333 -5
0.374667 -45
0.375 -35
0.375333 -1
0.375667 18
0.376 24
0.376333 0
0.376667 -66
0.377 -119
0.377333 -130
0.377667 -126
0.378 -108
0.378333 -71
0.378667 -67
0.379 -101
0.379333 -112
0.379667 -88
0.38 -53
0.380333 12
0.380667 101
0.381 142
0.381333 128
0.381667 110
0.382 90
0.382333 65
0.382667 77
0.383 113
0.383333 115
0.383667 85
0.384 47
0.384333 -5
0.384667 -45
0.385 -35
0.385333 -1
0.385667 18
0.386 24
0.386333 0
0.386667 -66
0.387 -119
0.387333 -130
0.387667 -126
0.388 -108
0.388333 -71
0.388667 -67
0.389 -101
0.389333 -112
0.389667 -88
0.39 -53
0.390333 12
0.390667 101
0.391 142
0.391333 128
0.391667 110
0.392 90
0.392333 65
0.392667 77
0.393 113
0.393333 115
0.393667 85
0.394 47
0.394333 -5
0.394667 -45
0.395 -35
0.395333 -1
0.395667 18
0.396 24
0.396333 0
0.396667 -66
0.397 -119
0.397333 -130
0.397667 -126
0.398 -108
0.398333 -71
0.398667 -67
0.399 -101
0.399333 -112
0.399667 -88
0.4 -53
0.400333 12
0.400667 101
0.401 142
0.401333 128
0.401667 110
0.402 90
0.402333 65
0.402667 77
0.403 113
0.403333 115
0.403667 85
0.404 47
0.404333 -5
0.404667 -45
0.405 -35
0.405333 -1
0.405667 18
0.406 24
0.406333 0
0.406667 -66
0.407 -119
0.407333 -130
0.407667 -126
0.408 -108
0.408333 -71
0.408667 -67
0.409 -101
0.409333 -112
0.409667 -88
0.41 -53
0.410333 12
0.410667 101
0.411 142
0.411333 128
0.411667 110
0.412 90
0.412333 65
0.412667 77
0.413 113
0.413333 115
0.413667 85
0.414 47
0.414333 -5
0.414667 -45
0.415 -35
0.415333 -1
0.415667 18
0.416 24
0.416333 0
0.416667 -66
0.417 -119
0.417333 -130
0.417667 -126
0.418 -108
0.418333 -71
0.418667 -67
0.419 -101
0.419333 -112
0.419667 -88
0.42 -53
0.420333 12
0.420667 101
0.421 142
0.421333 128
0.421667 110
0.422 90
0.422333 65
0.422667 77
0.423 113
0.423333 115
0.423667 85
0.424 47
0.424333 -5
0.424667 -45
0.425 -35
0.425333 -1
0.425667 18
0.426 24
0.426333 0
0.426667 -66
0.427 -119
0.427333 -130
0.427667 -126
0.428 -108
0.428333 -71
0.428667 -67
0.429 -101
0.429333 -112
0.429667 -88
0.43 -53
0.430333 12
0.430667 101
0.431 142
0.431333 128
0.431667 110
0.432 90
0.432333 65
0.432667 77
0.433 113
0.433333 115
0.433667 85
0.434 47
0.434333 -5
0.434667 -45
0.435 -35
0.435333 -1
0.435667 18
0.436 24
0.436333 0
0.436667 -66
0.437 -119
0.437333 -130
0.437667 -126
0.438 -108
0.438333 -71
0.438667 -67
0.439 -101
0.439333 -112
0.439667 -88
0.44 -53
0.440333 12
0.440667 101
0.441 142
0.441333 128
0.441667 110
0.442 90
0.442333 65
0.442667 77
0.443 113
0.443333 115
0.443667 85
0.444 47
0.444333 -5
0.444667 -45
0.445 -35
0.445333 -1
0.445667 18
0.446 24
0.446333 0
0.446667 -66
0.447 -119
0.447333 -130
0.447667 -126
0.448 -108
0.448333 -71
0.448667 -67
0.449 -101
0.449333 -112
0.449667 -88
0.45 -53
0.450333 12
0.450667 101
0.451 142
0.451333 128
0.451667 110
0.452 90
0.452333 65
0.452667 77
0.453 113
0.453333 115
0.453667 85
0.454 47
0.454333 -5
0.454667 -45
0.455 -35
0.455333 -1
0.455667 18
0.456 24
0.456333 0
0.456667 -66
0.457 -119
0.457333 -130
0.457667 -126
0.458 -108
0.458333 -71
0.458667 -67
0.459 -101
0.459333 -112
0.459667 -88
0.46 -53
0.460333 12
0.460667 101
0.461 142
0.461333 128
0.461667 110
0.462 90
0.462333 65
0.462667 77
0.463 113
0.463333 115
0.463667 85
0.464 47
0.464333 -5
0.464667 -45
0.465 -35
0.465333 -1
0.465667 18
0.466 24
0.466333 0
0.466667 -66
0.467 -119
0.467333 -130
0.467667 -126
0.468 -108
0.468333 -71
0.468667 -67
0.469 -101
0.469333 -112
0.469667 -88
0.47 -53
0.470333 12
0.470667 101
0.471 142
0.471333 128
0.471667 110
0.472 90
0.472333 65
0.472667 77
0.473 113
0.473333 115
0.473667 85
0.474 47
0.474333 -5
0.474667 -45
0.475 -35
0.475333 -1
0.475667 18
0.476 24
0.476333 0
0.476667 -66
0.477 -119
0.477333 -130
0.477667 -126
0.478 -108
0.478333 -71
0.478667 -67
0.479 -101
0.479333 -112
0.479667 -88
0.48 -53
0.480333 12
0.480667 101
0.481 142
0.481333 128
0.481667 110
0.482 90
0.482333 65
0.482667 77
0.483 113
0.483333 115
0.483667 85
0.484 47
0.484333 -5
0.484667 -45
0.485 -35
0.485333 -1
0.485667 18
0.486 24
0.486333 0
0.486667 -66
0.487 -119
0.487333 -130
0.487667 -126
0.488 -108
0.488333 -71
0.488667 -67
0.489 -101
0.489333 -112
0.489667 -88
0.49 -53
0.490333 12
0.490667 101
0.491 142
0.491333 128
0.491667 110
0.492 90
0.492333 65
0.492667 77
0.493 113
0.493333 115
0.493667 85
0.494 47
0.494333 -5
0.494667 -45
0.495 -35
0.495333 -1
0.495667 18
0.496 24
0.496333 0
0.496667 -66
0.497 -119
0.497333 -130
0.497667 -126
0.498 -108
0.498333 -71
0.498667 -67
0.499 -101
0.499333 -112
0.499667 -88
0.5 -53
0.500333 12
0.500667 101
0.501 142
0.501333 128
0.501667 110
0.502 90
0.502333 65
0.502667 77
0.503 113
0.503333 115
0.503667 85
0.504 47
0.504333 -5
0.504667 -45
0.505 -35
0.505333 -1
0.505667 18
0.506 24
0.506333 0
0.506667 -66
0.507 -119
0.507333 -130
0.507667 -126
0.508 -108
0.508333 -71
0.508667 -67
0.509 -101
0.509333 -112
0.509667 -88
0.51 -53
0.510333 12
0.510667 101
0.511 142
0.511333 128
0.511667 110
0.512 90
0.512333 65
0.512667 77
0.513 113
0.513333 115
0.513667 85
0.514 47
0.514333 -5
0.514667 -45
0.515 -35
0.515333 -1
0.515667 18
0.516 24
0.516333 0
0.516667 -66
0.517 -119
0.517333 -130
0.517667 -126
0.518 -108
0.518333 -71
0.518667 -67
0.519 -101
0.519333 -112
0.519667 -88
0.52 -53
0.520333 12
0.520667 101
0.521 142
0.521333 128
0.521667 110
0.522 90
0.522333 65
0.522667 77
0.523 113
0.523333 115
0.523667 85
0.524 47
0.524333 -5
0.524667 -45
0.525 -35
0.525333 -1
0.525667 18
0.526 24
0.526333 0
0.526667 -66
0.527 -119
0.527333 -130
0.527667 -126
0.528 -108
0.528333 -71
0.528667 -67
0.529 -101
0.529333 -112
0.529667 -88
0.53 -53
0.530333 12
0.530667 101
0.531 142
0.531333 128
0.531667 110
0.532 90
0.532333 65
0.532667 77
0.533 113
0.533333 115
0.533667 85
0.534 47
0.534333 -5
0.534667 -45
0.535 -35
0.535333 -1
0.535667 18
0.536 24
0.536333 0
0.536667 -66
0.537 -119
0.537333 -130
0.537667 -126
0.538 -108
0.538333 -71
0.538667 -67
0.539 -101
0.539333 -112
0.539667 -88
0.54 -53
0.540333 12
0.540667 101
0.541 142
0.541333 128
0.541667 110
0.542 90
0.542333 65
0.542667 77
0.543 113
0.543333 115
0.543667 85
0.544 47
0.544333 -5
0.544667 -45
0.545 -35
0.545333 -1
0.545667 18
0.546 24
0.546333 0
0.546667 -66
0.547 -119
0.547333 -130
0.547667 -126
0.548 -108
0.548333 -71
0.548667 -67
0.549 -101
0.549333 -112
0.549667 -88
0.55 -53
0.550333 12
0.550667 101
0.551 142
0.551333 128
0.551667 110
0.552 90
0.552333 65
0.552667 77
0.553 113
0.553333 115
0.553667 85
0.554 47
0.554333 -5
0.554667 -45
0.555 -35
0.555333 -1
0.555667 18
0.556 24
0.556333 0
0.556667 -66
0.557 -119
0.557333 -130
0.557667 -126
0.558 -108
0.558333 -71
0.558667 -67
0.559 -101
0.559333 -112
0.559667 -88
0.56 -53
0.560333 12
0.560667 101
0.561 142
0.561333 128
0.561667 110
0.562 90
0.562333 65
0.562667 77
0.563 113
0.563333 115
0.563667 85
0.564 47
0.564333 -5
0.564667 -45
0.565 -35
0.565333 -1
0.565667 18
0.566 24
0.566333 0
0.566667 -66
0.567 -119
0.567333 -130
0.567667 -126
0.568 -108
0.568333 -71
0.568667 -67
0.569 -101
0.569333 -112
0.569667 -88
0.57 -53
0.570333 12
0.570667 101
0.571 142
0.571333 128
0.571667 110
0.572 90
0.572333 65
0.572667 77
0.573 113
0.573333 115
0.573667 85
0.574 47
0.574333 -5
0.574667 -45
0.575 -35
0.575333 -1
0.575667 18
0.576 24
0.576333 0
0.576667 -66
0.577 -119
0.577333 -130
0.577667 -126
0.578 -108
0.578333 -71
0.578667 -67
0.579 -101
0.579333 -112
0.579667 -88
0.58 -53
0.580333 12
0.580667 101
0.581 142
0.581333 128
0.581667 110
0.582 90
0.582333 65
0.582667 77
0.583 113
0.583333 115
0.583667 85
0.584 47
0.584333 -5
0.584667 -45
0.585 -35
0.585333 -1
0.585667 18
0.586 24
0.586333 0
0.586667 -66
0.587 -119
0.587333 -130
0.587667 -126
0.588 -108
0.588333 -71
0.588667 -67
0.589 -101
0.589333 -112
0.589667 -88
0.59 -53
0.590333 12
0.590667 101
0.591 142
0.591333 128
0.591667 110
0.592 90
0.592333 65
0.592667 77
0.593 113
0.593333 115
0.593667 85
0.594 47
0.594333 -5
0.594667 -45
0.595 -35
0.595333 -1
0.595667 18
0.596 24
0.596333 0
0.596667 -66
0.597 -119
0.597333 -130
0.597667 -126
0.598 -108
0.598333 -71
0.598667 -67
0.599 -101
0.599333 -112
0.599667 -88
0.6 -53
0.600333 12
0.600667 101
0.601 142
0.601333 128
0.601667 110
0.602 90
0.602333 65
0.602667 77
0.603 113
0.603333 115
0.603667 85
0.604 47
0.604333 -5
0.604667 -45
0.605 -35
0.605333 -1
0.605667 18
0.606 24
0.606333 0
0.606667 -66
0.607 -119
0.607333 -130
0.607667 -126
0.608 -108
0.608333 -71
0.608667 -67
0.609 -101
0.609333 -112
0.609667 -88
0.61 -53
0.610333 12
0.610667 101
0.611 142
0.611333 128
0.611667 110
0.612 90
0.612333 65
0.612667 77
0.613 113
0.613333 115
0.613667 85
0.614 47
0.614333 -5
0.614667 -45
0.615 -35
0.615333 -1
0.615667 18
0.616 24
0.616333 0
0.616667 -66
0.617 -119
0.617333 -130
0.617667 -126
0.618 -108
0.618333 -71
0.618667 -67
0.619 -101
0.619333 -112
0.619667 -88
0.62 -53
0.620333 12
0.620667 101
0.621 142
0.621333 128
0.621667 110
0.622 90
0.622333 65
0.622667 77
0.623 113
0.623333 115
0.623667 85
0.624 47
0.624333 -5
0.624667 -45
0.625 -35
0.625333 -1
0.625667 18
0.626 24
0.626333 0
0.626667 -66
0.627 -119
0.627333 -130
0.627667 -126
0.628 -108
0.628333 -71
0.628667 -67
0.629 -101
0.629333 -112
0.629667 -88
0.63 -53
0.630333 12
0.630667 101
0.631 142
0.631333 128
0.631667 110
0.632 90
0.632333 65
0.632667 77
0.633 113
0.633333 115
0.633667 85
0.634 47
0.634333 -5
0.634667 -45
0.635 -35
0.635333 -1
0.635667 18
0.636 24
0.636333 0
0.636667 -66
0.637 -119
0.637333 -130
0.637667 -126
0.638 -108
0.638333 -71
0.638667 -67
0.639 -101
0.639333 -112
0.639667 -88
0.64 -53
0.640333 12
0.640667 101
0.641 142
0.641333 128
0.641667 110
0.642 90
0.642333 65
0.642667 77
0.643 113
0.643333 115
0.643667 85
0.644 47
0.644333 -5
0.644667 -45
0.645 -35
0.645333 -1
0.645667 18
0.646 24
0.646333 0
0.646667 -66
0.647 -119
0.647333 -130
0.647667 -126
0.648 -108
0.648333 -71
0.648667 -67
0.649 -101
0.649333 -112
0.649667 -88
0.65 -53
0.650333 12
0.650667 101
0.651 142
0.651333 128
0.651667 110
0.652 90
0.652333 65
0.652667 77
0.653 113
0.653333 115
0.653667 85
0.654 47
0.654333 -5
0.654667 -45
0.655 -35
0.655333 -1
0.655667 18
0.656 24
0.656333 0
0.656667 -66
0.657 -119
0.657333 -130
0.657667 -126
0.658 -108
0.658333 -71
0.658667 -67
0.659 -101
0.659333 -112
0.659667 -88
0.66 -53
0.660333 12
0.660667 101
0.661 142
0.661333 128
0.661667 110
0.662 90
0.662333 65
0.662667 77
0.663 113
0.663333 115
0.663667 85
0.664 47
0.664333 -5
0.664667 -45
0.665 -35
0.665333 -1
0.665667 18
0.666 24
0.666333 0
0.666667 -66
0.667 -119
0.667333 -130
0.667667 -126
0.668 -108
0.668333 -71
0.668667 -67
0.669 -101
0.669333 -112
0.669667 -88
0.67 -53
0.670333 12
0.670667 101
0.671 142
0.671333 128
0.671667 110
0.672 90
0.672333 65
0.672667 77
0.673 113
0.673333 115
0.673667 85
0.674 47
0.674333 -5
0.674667 -45
0.675 -35
0.675333 -1
0.675667 18
0.676 24
0.676333 0
0.676667 -66
0.677 -119
0.677333 -130
0.677667 -126
0.678 -108
0.678333 -71
0.678667 -67
0.679 -101
0.679333 -112
0.679667 -88
0.68 -53
0.680333 12
0.680667 101
0.681 142
0.681333 128
0.681667 110
0.682 90
0.682333 65
0.682667 77
0.683 113
0.683333 115
0.683667 85
0.684 47
0.684333 -5
0.684667 -45
0.685 -35
0.685333 -1
0.685667 18
0.686 24
0.686333 0
0.686667 -66
0.687 -119
0.687333 -130
0.687667 -126
0.688 -108
0.688333 -71
0.688667 -67
0.689 -101
0.689333 -112
0.689667 -88
0.69 -53
0.690333 12
0.690667 101
0.691 142
0.691333 128
0.691667 110
0.692 90
0.692333 65
0.692667 77
0.693 113
0.693333 115
0.693667 85
0.694 47
0.694333 -5
0.694667 -45
0.695 -35
0.695333 -1
0.695667 18
0.696 24
0.696333 0
0.696667 -66
0.697 -119
0.697333 -130
0.697667 -126
0.698 -108
0.698333 -71
0.698667 -67
0.699 -101
0.699333 -112
0.699667 -88
0.7 -53
0.700333 12
0.700667 101
0.701 142
0.701333 128
0.701667 110
0.702 90
0.702333 65
0.702667 77
0.703 113
0.703333 115
0.703667 85
0.704 47
0.704333 -5
0.704667 -45
0.705 -35
0.705333 -1
0.705667 18
0.706 24
0.706333 0
0.706667 -66
0.707 -119
0.707333 -130
0.707667 -126
0.708 -108
0.708333 -71
0.708667 -67
0.709 -101
0.709333 -112
0.709667 -88
0.71 -53
0.710333 12
0.710667 101
0.711 142
0.711333 128
0.711667 110
0.712 90
0.712333 65
0.712667 77
0.713 113
0.713333 115
0.713667 85
0.714 47
0.714333 -5
0.714667 -45
0.715 -35
0.715333 -1
0.715667 18
0.716 24
0.716333 0
0.716667 -66
0.717 -119
0.717333 -130
0.717667 -126
0.718 -108
0.718333 -71
0.718667 -67
0.719 -101
0.719333 -112
0.719667 -88
0.72 -53
0.720333 12
0.720667 101
0.721 142
0.721333 128
0.721667 110
0.722 90
0.722333 65
0.722667 77
0.723 113
0.723333 115
0.723667 85
0.724 47
0.724333 -5
0.724667 -45
0.725 -35
0.725333 -1
0.725667 18
0.726 24
0.726333 0
0.726667 -66
0.727 -119
0.727333 -130
0.727667 -126
0.728 -108
0.728333 -71
0.728667 -67
0.729 -101
0.729333 -112
0.729667 -88
0.73 -53
0.730333 12
0.730667 101
0.731 142
0.731333 128
0.731667 110
0.732 90
0.732333 65
0.732667 77
0.733 113
0.733333 115
0.733667 85
0.734 47
0.734333 -5
0.734667 -45
0.735 -35
0.735333 -1
0.735667 18
0.736 24
0.736333 0
0.736667 -66
0.737 -119
0.737333 -130
0.737667 -126
0.738 -108
0.738333 -71
0.738667 -67
0.739 -101
0.739333 -112
0.739667 -88
0.74 -53
0.740333 12
0.740667 101
0.741 142
0.741333 128
0.741667 110
0.742 90
0.742333 65
0.742667 77
0.743 113
0.743333 115
0.743667 85
0.744 47
0.744333 -5
0.744667 -45
0.745 -35
0.745333 -1
0.745667 18
0.746 24
0.746333 0
0.746667 -66
0.747 -119
0.747333 -130
0.747667 -126
0.748 -108
0.748333 -71
0.748667 -67
0.749 -101
0.749333 -112
0.749667 -88
0.75 -53
0.750333 12
0.750667 101
0.751 142
0.751333 128
0.751667 110
0.752 90
0.752333 65
0.752667 77
0.753 113
0.753333 115
0.753667 85
0.754 47
0.754333 -5
0.754667 -45
0.755 -35
0.755333 -1
0.755667 18
0.756 24
0.756333 0
0.756667 -66
0.757 -119
0.757333 -130
0.757667 -126
0.758 -108
0.758333 -71
0.758667 -67
0.759 -101
0.759333 -112
0.759667 -88
0.76 -53
0.760333 12
0.760667 101
0.761 142
0.761333 128
0.761667 110
0.762 90
0.762333 65
0.762667 77
0.763 113
0.763333 115
0.763667 85
0.764 47
0.764333 -5
0.764667 -45
0.765 -35
0.765333 -1
0.765667 18
0.766 24
0.766333 0
0.766667 -66
0.767 -119
0.767333 -130
0.767667 -126
0.768 -108
0.768333 -71
0.768667 -67
0.769 -101
0.769333 -112
0.769667 -88
0.77 -53
0.770333 12
0.770667 101
0.771 142
0.771333 128
0.771667 110
0.772 90
0.772333 65
0.772667 77
0.773 113
0.773333 115
0.773667 85
0.774 47
0.774333 -5
0.774667 -45
0.775 -35
0.775333 -1
0.775667 18
0.776 24
0.776333 0
0.776667 -66
0.777 -119
0.777333 -130
0.777667 -126
0.778 -108
0.778333 -71
0.778667 -67
0.779 -101
0.779333 -112
0.779667 -88
0.78 -53
0.780333 12
0.780667 101
0.781 142
0.781333 128
0.781667 110
0.782 90
0.782333 65
0.782667 77
0.783 113
0.783333 115
0.783667 85
0.784 47
0.784333 -5
0.784667 -45
0.785 -35
0.785333 -1
0.785667 18
0.786 24
0.786333 0
0.786667 -66
0.787 -119
0.787333 -130
0.787667 -126
0.788 -108
0.788333 -71
0.788667 -67
0.789 -101
0.789333 -112
0.789667 -88
0.79 -53
0.790333 12
0.790667 101
0.791 142
0.791333 128
0.791667 110
0.792 90
0.792333 65
0.792667 77
0.793 113
0.793333 115
0.793667 85
0.794 47
0.794333 -5
0.794667 -45
0.795 -35
0.795333 -1
0.795667 18
0.796 24
0.796333 0
0.796667 -66
0.797 -119
0.797333 -130
0.797667 -126
0.798 -108
0.798333 -71
0.798667 -67
0.799 -101
0.799333 -112
0.799667 -88
0.8 -53
0.800333 12
0.800667 101
0.801 142
0.801333 128
0.801667 110
0.802 90
0.802333 65
0.802667 77
0.803 113
0.803333 115
0.803667 85
0.804 47
0.804333 -5
0.804667 -45
0.805 -35
0.805333 -1
0.805667 18
0.806 24
0.806333 0
0.806667 -66
0.807 -119
0.807333 -130
0.807667 -126
0.808 -108
0.808333 -71
0.808667 -67
0.809 -101
0.809333 -112
0.809667 -88
0.81 -53
0.810333 12
0.810667 101
0.811 142
0.811333 128
0.811667 110
0.812 90
0.812333 65
0.812667 77
0.813 113
0.813333 115
0.813667 85
0.814 47
0.814333 -5
0.814667 -45
0.815 -35
0.815333 -1
0.815667 18
0.816 24
0.816333 0
0.816667 -66
0.817 -119
0.817333 -130
0.817667 -126
0.818 -108
0.818333 -71
0.818667 -67
0.819 -101
0.819333 -112
0.819667 -88
0.82 -53
0.820333 12
0.820667 101
0.821 142
0.821333 128
0.821667 110
0.822 90
0.822333 65
0.822667 77
0.823 113
0.823333 115
0.823667 85
0.824 47
0.824333 -5
0.824667 -45
0.825 -35
0.825333 -1
0.825667 18
0.826 24
0.826333 0
0.826667 -66
0.827 -119
0.827333 -130
0.827667 -126
0.828 -108
0.828333 -71
0.828667 -67
0.829 -101
0.829333 -112
0.829667 -88
0.83 -53
0.830333 12
0.830667 101
0.831 142
0.831333 128
0.831667 110
0.832 90
0.832333 65
0.832667 77
0.833 113
0.833333 115
0.833667 85
0.834 47
0.834333 -5
0.834667 -45
0.835 -35
0.835333 -1
0.835667 18
0.836 24
0.836333 0
0.836667 -66
0.837 -119
0.837333 -130
0.837667 -126
0.838 -108
0.838333 -71
0.838667 -67
0.839 -101
0.839333 -112
0.839667 -88
0.84 -53
0.840333 12
0.840667 101
0.841 142
0.841333 128
0.841667 110
0.842 90
0.842333 65
0.842667 77
0.843 113
0.843333 115
0.843667 85
0.844 47
0.844333 -5
0.844667 -45
0.845 -35
0.845333 -1
0.845667 18
0.846 24
0.846333 0
0.846667 -66
0.847 -119
0.847333 -130
0.847667 -126
0.848 -108
0.848333 -71
0.848667 -67
0.849 -101
0.849333 -112
0.849667 -88
0.85 -53
0.850333 12
0.850667 101
0.851 142
0.851333 128
0.851667 110
0.852 90
0.852333 65
0.852667 77
0.853 113
0.853333 115
0.853667 85
0.854 47
0.854333 -5
0.854667 -45
0.855 -35
0.855333 -1
0.855667 18
0.856 24
0.856333 0
0.856667 -66
0.857 -119
0.857333 -130
0.857667 -126
0.858 -108
0.858333 -71
0.858667 -67
0.859 -101
0.859333 -112
0.859667 -88
0.86 -53
0.860333 12
0.860667 101
0.861 142
0.861333 128
0.861667 110
0.862 90
0.862333 65
0.862667 77
0.863 113
0.863333 115
0.863667 85
0.864 47
0.864333 -5
0.864667 -45
0.865 -35
0.865333 -1
0.865667 18
0.866 24
0.866333 0
0.866667 -66
0.867 -119
0.867333 -130
0.867667 -126
0.868 -108
0.868333 -71
0.868667 -67
0.869 -101
0.869333 -112
0.869667 -88
0.87 -53
0.870333 12
0.870667 101
0.871 142
0.871333 128
0.871667 110
0.872 90
0.872333 65
0.872667 77
0.873 113
0.873333 115
0.873667 85
0.874 47
0.874333 -5
0.874667 -45
0.875 -35
0.875333 -1
0.875667 18
0.876 24
0.876333 0
0.876667 -66
0.877 -119
0.877333 -130
0.877667 -126
0.878 -108
0.878333 -71
0.878667 -67
0.879 -101
0.879333 -112
0.879667 -88
0.88 -53
0.880333 12
0.880667 101
0.881 142
0.881333 128
0.881667 110
0.882 90
0.882333 65
0.882667 77
0.883 113
0.883333 115
0.883667 85
0.884 47
0.884333 -5
0.884667 -45
0.885 -35
0.885333 -1
0.885667 18
0.886 24
0.886333 0
0.886667 -66
0.887 -119
0.887333 -130
0.887667 -126
0.888 -108
0.888333 -71
0.888667 -67
0.889 -101
0.889333 -112
0.889667 -88
0.89 -53
0.890333 12
0.890667 101
0.891 142
0.891333 128
0.891667 110
0.892 90
0.892333 65
0.892667 77
0.893 113
0.893333 115
0.893667 85
0.894 47
0.894333 -5
0.894667 -45
0.895 -35
0.895333 -1
0.895667 18
0.896 24
0.896333 0
0.896667 -66
0.897 -119
0.897333 -130
0.897667 -126
0.898 -108
0.898333 -71
0.898667 -67
0.899 -101
0.899333 -112
0.899667 -88
0.9 -53
0.900333 12
0.900667 101
0.901 142
0.901333 128
0.901667 110
0.902 90
0.902333 65
0.902667 77
0.903 113
0.903333 115
0.903667 85
0.904 47
0.904333 -5
0.904667 -45
0.905 -35
0.905333 -1
0.905667 18
0.906 24
0.906333 0
0.906667 -66
0.907 -119
0.907333 -130
0.907667 -126
0.908 -108
0.908333 -71
0.908667 -67
0.909 -101
0.909333 -112
0.909667 -88
0.91 -53
0.910333 12
0.910667 101
0.911 142
0.911333 128
0.911667 110
0.912 90
0.912333 65
0.912667 77
0.913 113
0.913333 115
0.913667 85
0.914 47
0.914333 -5
0.914667 -45
0.915 -35
0.915333 -1
0.915667 18
0.916 24
0.916333 0
0.916667 -66
0.917 -119
0.917333 -130
0.917667 -126
0.918 -108
0.918333 -71
0.918667 -67
0.919 -101
0.919333 -112
0.919667 -88
0.92 -53
0.920333 12
0.920667 101
0.921 142
0.921333 128
0.921667 110
0.922 90
0.922333 65
0.922667 77
0.923 113
0.923333 115
0.923667 85
0.924 47
0.924333 -5
0.924667 -45
0.925 -35
0.925333 -1
0.925667 18
0.926 24
0.926333 0
0.926667 -66
0.927 -119
0.927333 -130
0.927667 -126
0.928 -108
0.928333 -71
0.928667 -67
0.929 -101
0.929333 -112
0.929667 -88
0.93 -53
0.930333 12
0.930667 101
0.931 142
0.931333 128
0.931667 110
0.932 90
0.932333 65
0.932667 77
0.933 113
0.933333 115
0.933667 85
0.934 47
0.934333 -5
0.934667 -45
0.935 -35
0.935333 -1
0.935667 18
0.936 24
0.936333 0
0.936667 -66
0.937 -119
0.937333 -130
0.937667 -126
0.938 -108
0.938333 -71
0.938667 -67
0.939 -101
0.939333 -112
0.939667 -88
0.94 -53
0.940333 12
0.940667 101
0.941 142
0.941333 128
0.941667 110
0.942 90
0.942333 65
0.942667 77
0.943 113
0.943333 115
0.943667 85
0.944 47
0.944333 -5
0.944667 -45
0.945 -35
0.945333 -1
0.945667 18
0.946 24
0.946333 0
0.946667 -66
0.947 -119
0.947333 -130
0.947667 -126
0.948 -108
0.948333 -71
0.948667 -67
0.949 -101
0.949333 -112
0.949667 -88
0.95 -53
0.950333 12
0.950667 101
0.951 142
0.951333 128
0.951667 110
0.952 90
0.952333 65
0.952667 77
0.953 113
0.953333 115
0.953667 85
0.954 47
0.954333 -5
0.954667 -45
0.955 -35
0.955333 -1
0.955667 18
0.956 24
0.956333 0
0.956667 -66
0.957 -119
0.957333 -130
0.957667 -126
0.958 -108
0.958333 -71
0.958667 -67
0.959 -101
0.959333 -112
0.959667 -88
0.96 -53
0.960333 12
0.960667 101
0.961 142
0.961333 128
0.961667 110
0.962 90
0.962333 65
0.962667 77
0.963 113
0.963333 115
0.963667 85
0.964 47
0.964333 -5
0.964667 -45
0.965 -35
0.965333 -1
0.965667 18
0.966 24
0.966333 0
0.966667 -66
0.967 -119
0.967333 -130
0.967667 -126
0.968 -108
0.968333 -71
0.968667 -67
0.969 -101
0.969333 -112
0.969667 -88
0.97 -53
0.970333 12
0.970667 101
0.971 142
0.971333 128
0.971667 110
0.972 90
0.972333 65
0.972667 77
0.973 113
0.973333 115
0.973667 85
0.974 47
0.974333 -5
0.974667 -45
0.975 -35
0.975333 -1
0.975667 18
0.976 24
0.976333 0
0.976667 -66
0.977 -119
0.977333 -130
0.977667 -126
0.978 -108
0.978333 -71
0.978667 -67
0.979 -101
0.979333 -112
0.979667 -88
0.98 -53
0.980333 12
0.980667 101
0.981 142
0.981333 128
0.981667 110
0.982 90
0.982333 65
0.982667 77
0.983 113
0.983333 115
0.983667 85
0.984 47
0.984333 -5
0.984667 -45
0.985 -35
0.985333 -1
0.985667 18
0.986 24
0.986333 0
0.986667 -66
0.987 -119
0.987333 -130
0.987667 -126
0.988 -108
0.988333 -71
0.988667 -67
0.989 -101
0.989333 -112
0.989667 -88
0.99 -53
0.990333 12
0.990667 101
0.991 142
0.991333 128
0.991667 110
0.992 90
0.992333 65
0.992667 77
0.993 113
0.993333 115
0.993667 85
0.994 47
0.994333 -5
0.994667 -45
0.995 -35
0.995333 -1
0.995667 18
0.996 24
0.996333 0
0.996667 -66
0.997 -119
0.997333 -130
0.997667 -126
0.998 -108
0.998333 -71
0.998667 -67
0.999 -101
0.999333 -112
0.999667 -88
