0 0
0.000333333 7170
0.000666667 5218
0.001 4110
0.00133333 9167
0.00166667 6425
0.002 -145
0.00233333 2562
0.00266667 4506
0.003 -1143
0.00333333 -2291
0.00366667 -815
0.004 -6429
0.00433333 -9502
0.00466667 -5036
0.005 -4457
0.00533333 -5582
0.00566667 -989
0.006 -791
0.00633333 -6937
0.00666667 -6720
0.007 -4486
0.00733333 -8464
0.00766667 -7374
0.008 -260
0.00833333 -1612
0.00866667 -5137
0.009 520
0.00933333 3360
0.00966667 279
0.01 6130
0.0103333 14657
0.0106667 11971
0.011 9395
0.0113333 12935
0.0116667 8917
0.012 1391
0.0123333 3439
0.0126667 4959
0.013 -943
0.0133333 -2230
0.0136667 -821
0.014 -6463
0.0143333 -9542
0.0146667 -5071
0.015 -4484
0.0153333 -5601
0.0156667 -1000
0.016 -798
0.0163333 -6941
0.0166667 -6722
0.017 -4488
0.0173333 -8465
0.0176667 -7375
0.018 -261
0.0183333 -1613
0.0186667 -5138
0.019 519
0.0193333 3360
0.0196667 279
0.02 6130
0.0203333 14656
0.0206667 11971
0.021 9395
0.0213333 12935
0.0216667 8917
0.022 1391
0.0223333 3439
0.0226667 4959
0.023 -943
0.0233333 -2230
0.0236667 -821
0.024 -6463
0.0243333 -9542
0.0246667 -5071
0.025 -4484
0.0253333 -5601
0.0256667 -1000
0.026 -798
0.0263333 -6941
0.0266667 -6722
0.027 -4488
0.0273333 -8465
0.0276667 -7375
0.028 -261
0.0283333 -1613
0.0286667 -5138
0.029 519
0.0293333 3360
0.0296667 279
0.03 6130
0.0303333 14656
0.0306667 11971
0.031 9395
0.0313333 12935
0.0316667 8917
0.032 1391
0.0323333 3439
0.0326667 4959
0.033 -943
0.0333333 -2230
0.0336667 -821
0.034 -6463
0.0343333 -9542
0.0346667 -5071
0.035 -4484
0.0353333 -5601
0.0356667 -1000
0.036 -798
0.0363333 -6941
0.0366667 -6722
0.037 -4488
0.0373333 -8465
0.0376667 -7375
0.038 -261
0.0383333 -1613
0.0386667 -5138
0.039 519
0.0393333 3360
0.0396667 279
0.04 6130
0.0403333 14656
0.0406667 11971
0.041 9395
0.0413333 12935
0.0416667 8917
0.042 1391
0.0423333 3439
0.0426667 4959
0.043 -943
0.0433333 -2230
0.0436667 -821
0.044 -6463
0.0443333 -9542
0.0446667 -5071
0.045 -4484
0.0453333 -5601
0.0456667 -1000
0.046 -798
0.0463333 -6941
0.0466667 -6722
0.047 -4488
0.0473333 -8465
0.0476667 -7375
0.048 -261
0.0483333 -1613
0.0486667 -5138
0.049 519
0.0493333 3360
0.0496667 279
0.05 6130
0.0503333 14656
0.0506667 11971
0.051 9395
0.0513333 12935
0.0516667 8917
0.052 1391
0.0523333 3439
0.0526667 4959
0.053 -943
0.0533333 -2230
0.0536667 -821
0.054 -6463
0.0543333 -9542
0.0546667 -5071
0.055 -4484
0.0553333 -5601
0.0556667 -1000
0.056 -798
0.0563333 -6941
0.0566667 -6722
0.057 -4488
0.0573333 -8465
0.0576667 -7375
0.058 -261
0.0583333 -1613
0.0586667 -5138
0.059 519
0.0593333 3360
0.0596667 279
0.06 6130
0.0603333 14656
0.0606667 11971
0.061 9395
0.0613333 12935
0.0616667 8917
0.062 1391
0.0623333 3439
0.0626667 4959
0.063 -943
0.0633333 -2230
0.0636667 -821
0.064 -6463
0.0643333 -9542
0.0646667 -5071
0.065 -4484
0.0653333 -5601
0.0656667 -1000
0.066 -798
0.0663333 -6941
0.0666667 -6722
0.067 -4488
0.0673333 -8465
0.0676667 -7375
0.068 -261
0.0683333 -1613
0.0686667 -5138
0.069 519
0.0693333 3360
0.0696667 279
0.07 6130
0.0703333 14656
0.0706667 11971
0.071 9395
0.0713333 12935
0.0716667 8917
0.072 1391
0.0723333 3439
0.0726667 4959
0.073 -943
0.0733333 -2230
0.0736667 -821
0.074 -6463
0.0743333 -9542
0.0746667 -5071
0.075 -4484
0.0753333 -5601
0.0756667 -1000
0.076 -798
0.0763333 -6941
0.0766667 -6722
0.077 -4488
0.0773333 -8465
0.0776667 -7375
0.078 -261
0.0783333 -1613
0.0786667 -5138
0.079 519
0.0793333 3360
0.0796667 279
0.08 6130
0.0803333 14656
0.0806667 11971
0.081 9395
0.0813333 12935
0.0816667 8917
0.082 1391
0.0823333 3439
0.0826667 4959
0.083 -943
0.0833333 -2230
0.0836667 -821
0.084 -6463
0.0843333 -9542
0.0846667 -5071
0.085 -4484
0.0853333 -5601
0.0856667 -1000
0.086 -798
0.0863333 -6941
0.0866667 -6722
0.087 -4488
0.0873333 -8465
0.0876667 -7375
0.088 -261
0.0883333 -1613
0.0886667 -5138
0.089 519
0.0893333 3360
0.0896667 279
0.09 6130
0.0903333 14656
0.0906667 11971
0.091 9395
0.0913333 12935
0.0916667 8917
0.092 1391
0.0923333 3439
0.0926667 4959
0.093 -943
0.0933333 -2230
0.0936667 -821
0.094 -6463
0.0943333 -9542
0.0946667 -5071
0.095 -4484
0.0953333 -5601
0.0956667 -1000
0.096 -798
0.0963333 -6941
0.0966667 -6722
0.097 -4488
0.0973333 -8465
0.0976667 -7375
0.098 -261
0.0983333 -1613
0.0986667 -5138
0.099 519
0.0993333 3360
0.0996667 279
0.1 6130
0.100333 14656
0.100667 11971
0.101 9395
0.101333 12935
0.101667 8917
0.102 1391
0.102333 3439
0.102667 4959
0.103 -943
0.103333 -2230
0.103667 -821
0.104 -6463
0.104333 -9542
0.104667 -5071
0.105 -4484
0.105333 -5601
0.105667 -1000
0.106 -798
0.106333 -6941
0.106667 -6722
0.107 -4488
0.107333 -8465
0.107667 -7375
0.108 -261
0.108333 -1613
0.108667 -5138
0.109 519
0.109333 3360
0.109667 279
0.11 6130
0.110333 14656
0.110667 11971
0.111 9395
0.111333 12935
0.111667 8917
0.112 1391
0.112333 3439
0.112667 4959
0.113 -943
0.113333 -2230
0.113667 -821
0.114 -6463
0.114333 -9542
0.114667 -5071
0.115 -4484
0.115333 -5601
0.115667 -1000
0.116 -798
0.116333 -6941
0.116667 -6722
0.117 -4488
0.117333 -8465
0.117667 -7375
0.118 -261
0.118333 -1613
0.118667 -5138
0.119 519
0.119333 3360
0.119667 279
0.12 6130
0.120333 14656
0.120667 11971
0.121 9395
0.121333 12935
0.121667 8917
0.122 1391
0.122333 3439
0.122667 4959
0.123 -943
0.123333 -2230
0.123667 -821
0.124 -6463
0.124333 -9542
0.124667 -5071
0.125 -4484
0.125333 -5601
0.125667 -1000
0.126 -798
0.126333 -6941
0.126667 -6722
0.127 -4488
0.127333 -8465
0.127667 -7375
0.128 -261
0.128333 -1613
0.128667 -5138
0.129 519
0.129333 3360
0.129667 279
0.13 6130
0.130333 14656
0.130667 11971
0.131 9395
0.131333 12935
0.131667 8917
0.132 1391
0.132333 3439
0.132667 4959
0.133 -943
0.133333 -2230
0.133667 -821
0.134 -6463
0.134333 -9542
0.134667 -5071
0.135 -4484
0.135333 -5601
0.135667 -1000
0.136 -798
0.136333 -6941
0.136667 -6722
0.137 -4488
0.137333 -8465
0.137667 -7375
0.138 -261
0.138333 -1613
0.138667 -5138
0.139 519
0.139333 3360
0.139667 279
0.14 6130
0.140333 14656
0.140667 11971
0.141 9395
0.141333 12935
0.141667 8917
0.142 1391
0.142333 3439
0.142667 4959
0.143 -943
0.143333 -2230
0.143667 -821
0.144 -6463
0.144333 -9542
0.144667 -5071
0.145 -4484
0.145333 -5601
0.145667 -1000
0.146 -798
0.146333 -6941
0.146667 -6722
0.147 -4488
0.147333 -8465
0.147667 -7375
0.148 -261
0.148333 -1613
0.148667 -5138
0.149 519
0.149333 3360
0.149667 279
0.15 6130
0.150333 14656
0.150667 11971
0.151 9395
0.151333 12935
0.151667 8917
0.152 1391
0.152333 3439
0.152667 4959
0.153 -943
0.153333 -2230
0.153667 -821
0.154 -6463
0.154333 -9542
0.154667 -5071
0.155 -4484
0.155333 -5601
0.155667 -1000
0.156 -798
0.156333 -6941
0.156667 -6722
0.157 -4488
0.157333 -8465
0.157667 -7375
0.158 -261
0.158333 -1613
0.158667 -5138
0.159 519
0.159333 3360
0.159667 279
0.16 6130
0.160333 14656
0.160667 11971
0.161 9395
0.161333 12935
0.161667 8917
0.162 1391
0.162333 3439
0.162667 4959
0.163 -943
0.163333 -2230
0.163667 -821
0.164 -6463
0.164333 -9542
0.164667 -5071
0.165 -4484
0.165333 -5601
0.165667 -1000
0.166 -798
0.166333 -6941
0.166667 -6722
0.167 -4488
0.167333 -8465
0.167667 -7375
0.168 -261
0.168333 -1613
0.168667 -5138
0.169 519
0.169333 3360
0.169667 279
0.17 6130
0.170333 14656
0.170667 11971
0.171 9395
0.171333 12935
0.171667 8917
0.172 1391
0.172333 3439
0.172667 4959
0.173 -943
0.173333 -2230
0.173667 -821
0.174 -6463
0.174333 -9542
0.174667 -5071
0.175 -4484
0.175333 -5601
0.175667 -1000
0.176 -798
0.176333 -6941
0.176667 -6722
0.177 -4488
0.177333 -8465
0.177667 -7375
0.178 -261
0.178333 -1613
0.178667 -5138
0.179 519
0.179333 3360
0.179667 279
0.18 6130
0.180333 14656
0.180667 11971
0.181 9395
0.181333 12935
0.181667 8917
0.182 1391
0.182333 3439
0.182667 4959
0.183 -943
0.183333 -2230
0.183667 -821
0.184 -6463
0.184333 -9542
0.184667 -5071
0.185 -4484
0.185333 -5601
0.185667 -1000
0.186 -798
0.186333 -6941
0.186667 -6722
0.187 -4488
0.187333 -8465
0.187667 -7375
0.188 -261
0.188333 -1613
0.188667 -5138
0.189 519
0.189333 3360
0.189667 279
0.19 6130
0.190333 14656
0.190667 11971
0.191 9395
0.191333 12935
0.191667 8917
0.192 1391
0.192333 3439
0.192667 4959
0.193 -943
0.193333 -2230
0.193667 -821
0.194 -6463
0.194333 -9542
0.194667 -5071
0.195 -4484
0.195333 -5601
0.195667 -1000
0.196 -798
0.196333 -6941
0.196667 -6722
0.197 -4488
0.197333 -8465
0.197667 -7375
0.198 -261
0.198333 -1613
0.198667 -5138
0.199 519
0.199333 3360
0.199667 279
0.2 6130
0.200333 14656
0.200667 11971
0.201 9395
0.201333 12935
0.201667 8917
0.202 1391
0.202333 3439
0.202667 4959
0.203 -943
0.203333 -2230
0.203667 -821
0.204 -6463
0.204333 -9542
0.204667 -5071
0.205 -4484
0.205333 -5601
0.205667 -1000
0.206 -798
0.206333 -6941
0.206667 -6722
0.207 -4488
0.207333 -8465
0.207667 -7375
0.208 -261
0.208333 -1613
0.208667 -5138
0.209 519
0.209333 3360
0.209667 279
0.21 6130
0.210333 14656
0.210667 11971
0.211 9395
0.211333 12935
0.211667 8917
0.212 1391
0.212333 3439
0.212667 4959
0.213 -943
0.213333 -2230
0.213667 -821
0.214 -6463
0.214333 -9542
0.214667 -5071
0.215 -4484
0.215333 -5601
0.215667 -1000
0.216 -798
0.216333 -6941
0.216667 -6722
0.217 -4488
0.217333 -8465
0.217667 -7375
0.218 -261
0.218333 -1613
0.218667 -5138
0.219 519
0.219333 3360
0.219667 279
0.22 6130
0.220333 14656
0.220667 11971
0.221 9395
0.221333 12935
0.221667 8917
0.222 1391
0.222333 3439
0.222667 4959
0.223 -943
0.223333 -2230
0.223667 -821
0.224 -6463
0.224333 -9542
0.224667 -5071
0.225 -4484
0.225333 -5601
0.225667 -1000
0.226 -798
0.226333 -6941
0.226667 -6722
0.227 -4488
0.227333 -8465
0.227667 -7375
0.228 -261
0.228333 -1613
0.228667 -5138
0.229 519
0.229333 3360
0.229667 279
0.23 6130
0.230333 14656
0.230667 11971
0.231 9395
0.231333 12935
0.231667 8917
0.232 1391
0.232333 3439
0.232667 4959
0.233 -943
0.233333 -2230
0.233667 -821
0.234 -6463
0.234333 -9542
0.234667 -5071
0.235 -4484
0.235333 -5601
0.235667 -1000
0.236 -798
0.236333 -6941
0.236667 -6722
0.237 -4488
0.237333 -8465
0.237667 -7375
0.238 -261
0.238333 -1613
0.238667 -5138
0.239 519
0.239333 3360
0.239667 279
0.24 6130
0.240333 14656
0.240667 11971
0.241 9395
0.241333 12935
0.241667 8917
0.242 1391
0.242333 3439
0.242667 4959
0.243 -943
0.243333 -2230
0.243667 -821
0.244 -6463
0.244333 -9542
0.244667 -5071
0.245 -4484
0.245333 -5601
0.245667 -1000
0.246 -798
0.246333 -6941
0.246667 -6722
0.247 -4488
0.247333 -8465
0.247667 -7375
0.248 -261
0.248333 -1613
0.248667 -5138
0.249 519
0.249333 3360
0.249667 279
0.25 6130
0.250333 14656
0.250667 11971
0.251 9395
0.251333 12935
0.251667 8917
0.252 1391
0.252333 3439
0.252667 4959
0.253 -943
0.253333 -2230
0.253667 -821
0.254 -6463
0.254333 -9542
0.254667 -5071
0.255 -4484
0.255333 -5601
0.255667 -1000
0.256 -798
0.256333 -6941
0.256667 -6722
0.257 -4488
0.257333 -8465
0.257667 -7375
0.258 -261
0.258333 -1613
0.258667 -5138
0.259 519
0.259333 3360
0.259667 279
0.26 6130
0.260333 14656
0.260667 11971
0.261 9395
0.261333 12935
0.261667 8917
0.262 1391
0.262333 3439
0.262667 4959
0.263 -943
0.263333 -2230
0.263667 -821
0.264 -6463
0.264333 -9542
0.264667 -5071
0.265 -4484
0.265333 -5601
0.265667 -1000
0.266 -798
0.266333 -6941
0.266667 -6722
0.267 -4488
0.267333 -8465
0.267667 -7375
0.268 -261
0.268333 -1613
0.268667 -5138
0.269 519
0.269333 3360
0.269667 279
0.27 6130
0.270333 14656
0.270667 11971
0.271 9395
0.271333 12935
0.271667 8917
0.272 1391
0.272333 3439
0.272667 4959
0.273 -943
0.273333 -2230
0.273667 -821
0.274 -6463
0.274333 -9542
0.274667 -5071
0.275 -4484
0.275333 -5601
0.275667 -1000
0.276 -798
0.276333 -6941
0.276667 -6722
0.277 -4488
0.277333 -8465
0.277667 -7375
0.278 -261
0.278333 -1613
0.278667 -5138
0.279 519
0.279333 3360
0.279667 279
0.28 6130
0.280333 14656
0.280667 11971
0.281 9395
0.281333 12935
0.281667 8917
0.282 1391
0.282333 3439
0.282667 4959
0.283 -943
0.283333 -2230
0.283667 -821
0.284 -6463
0.284333 -9542
0.284667 -5071
0.285 -4484
0.285333 -5601
0.285667 -1000
0.286 -798
0.286333 -6941
0.286667 -6722
0.287 -4488
0.287333 -8465
0.287667 -7375
0.288 -261
0.288333 -1613
0.288667 -5138
0.289 519
0.289333 3360
0.289667 279
0.29 6130
0.290333 14656
0.290667 11971
0.291 9395
0.291333 12935
0.291667 8917
0.292 1391
0.292333 3439
0.292667 4959
0.293 -943
0.293333 -2230
0.293667 -821
0.294 -6463
0.294333 -9542
0.294667 -5071
0.295 -4484
0.295333 -5601
0.295667 -1000
0.296 -798
0.296333 -6941
0.296667 -6722
0.297 -4488
0.297333 -8465
0.297667 -7375
0.298 -261
0.298333 -1613
0.298667 -5138
0.299 519
0.299333 3360
0.299667 279
0.3 6130
0.300333 14656
0.300667 11971
0.301 9395
0.301333 12935
0.301667 8917
0.302 1391
0.302333 3439
0.302667 4959
0.303 -943
0.303333 -2230
0.303667 -821
0.304 -6463
0.304333 -9542
0.304667 -5071
0.305 -4484
0.305333 -5601
0.305667 -1000
0.306 -798
0.306333 -6941
0.306667 -6722
0.307 -4488
0.307333 -8465
0.307667 -7375
0.308 -261
0.308333 -1613
0.308667 -5138
0.309 519
0.309333 3360
0.309667 279
0.31 6130
0.310333 14656
0.310667 11971
0.311 9395
0.311333 12935
0.311667 8917
0.312 1391
0.312333 3439
0.312667 4959
0.313 -943
0.313333 -2230
0.313667 -821
0.314 -6463
0.314333 -9542
0.314667 -5071
0.315 -4484
0.315333 -5601
0.315667 -1000
0.316 -798
0.316333 -6941
0.316667 -6722
0.317 -4488
0.317333 -8465
0.317667 -7375
0.318 -261
0.318333 -1613
0.318667 -5138
0.319 519
0.319333 3360
0.319667 279
0.32 6130
0.320333 14656
0.320667 11971
0.321 9395
0.321333 12935
0.321667 8917
0.322 1391
0.322333 3439
0.322667 4959
0.323 -943
0.323333 -2230
0.323667 -821
0.324 -6463
0.324333 -9542
0.324667 -5071
0.325 -4484
0.325333 -5601
0.325667 -1000
0.326 -798
0.326333 -6941
0.326667 -6722
0.327 -4488
0.327333 -8465
0.327667 -7375
0.328 -261
0.328333 -1613
0.328667 -5138
0.329 519
0.329333 3360
0.329667 279
0.33 6130
0.330333 14656
0.330667 11971
0.331 9395
0.331333 12935
0.331667 8917
0.332 1391
0.332333 3439
0.332667 4959
0.333 -943
0.333333 -2230
0.333667 -821
0.334 -6463
0.334333 -9542
0.334667 -5071
0.335 -4484
0.335333 -5601
0.335667 -1000
0.336 -798
0.336333 -6941
0.336667 -6722
0.337 -4488
0.337333 -8465
0.337667 -7375
0.338 -261
0.338333 -1613
0.338667 -5138
0.339 519
0.339333 3360
0.339667 279
0.34 6130
0.340333 14656
0.340667 11971
0.341 9395
0.341333 12935
0.341667 8917
0.342 1391
0.342333 3439
0.342667 4959
0.343 -943
0.343333 -2230
0.343667 -821
0.344 -6463
0.344333 -9542
0.344667 -5071
0.345 -4484
0.345333 -5601
0.345667 -1000
0.346 -798
0.346333 -6941
0.346667 -6722
0.347 -4488
0.347333 -8465
0.347667 -7375
0.348 -261
0.348333 -1613
0.348667 -5138
0.349 519
0.349333 3360
0.349667 279
0.35 6130
0.350333 14656
0.350667 11971
0.351 9395
0.351333 12935
0.351667 8917
0.352 1391
0.352333 3439
0.352667 4959
0.353 -943
0.353333 -2230
0.353667 -821
0.354 -6463
0.354333 -9542
0.354667 -5071
0.355 -4484
0.355333 -5601
0.355667 -1000
0.356 -798
0.356333 -6941
0.356667 -6722
0.357 -4488
0.357333 -8465
0.357667 -7375
0.358 -261
0.358333 -1613
0.358667 -5138
0.359 519
0.359333 3360
0.359667 279
0.36 6130
0.360333 14656
0.360667 11971
0.361 9395
0.361333 12935
0.361667 8917
0.362 1391
0.362333 3439
0.362667 4959
0.363 -943
0.363333 -2230
0.363667 -821
0.364 -6463
0.364333 -9542
0.364667 -5071
0.365 -4484
0.365333 -5601
0.365667 -1000
0.366 -798
0.366333 -6941
0.366667 -6722
0.367 -4488
0.367333 -8465
0.367667 -7375
0.368 -261
0.368333 -1613
0.368667 -5138
0.369 519
0.369333 3360
0.369667 279
0.37 6130
0.370333 14656
0.370667 11971
0.371 9395
0.371333 12935
0.371667 8917
0.372 1391
0.372333 3439
0.372667 4959
0.373 -943
0.373333 -2230
0.373667 -821
0.374 -6463
0.374333 -9542
0.374667 -5071
0.375 -4484
0.375333 -5601
0.375667 -1000
0.376 -798
0.376333 -6941
0.376667 -6722
0.377 -4488
0.377333 -8465
0.377667 -7375
0.378 -261
0.378333 -1613
0.378667 -5138
0.379 519
0.379333 3360
0.379667 279
0.38 6130
0.380333 14656
0.380667 11971
0.381 9395
0.381333 12935
0.381667 8917
0.382 1391
0.382333 3439
0.382667 4959
0.383 -943
0.383333 -2230
0.383667 -821
0.384 -6463
0.384333 -9542
0.384667 -5071
0.385 -4484
0.385333 -5601
0.385667 -1000
0.386 -798
0.386333 -6941
0.386667 -6722
0.387 -4488
0.387333 -8465
0.387667 -7375
0.388 -261
0.388333 -1613
0.388667 -5138
0.389 519
0.389333 3360
0.389667 279
0.39 6130
0.390333 14656
0.390667 11971
0.391 9395
0.391333 12935
0.391667 8917
0.392 1391
0.392333 3439
0.392667 4959
0.393 -943
0.393333 -2230
0.393667 -821
0.394 -6463
0.394333 -9542
0.394667 -5071
0.395 -4484
0.395333 -5601
0.395667 -1000
0.396 -798
0.396333 -6941
0.396667 -6722
0.397 -4488
0.397333 -8465
0.397667 -7375
0.398 -261
0.398333 -1613
0.398667 -5138
0.399 519
0.399333 3360
0.399667 279
0.4 6130
0.400333 14656
0.400667 11971
0.401 9395
0.401333 12935
0.401667 8917
0.402 1391
0.402333 3439
0.402667 4959
0.403 -943
0.403333 -2230
0.403667 -821
0.404 -6463
0.404333 -9542
0.404667 -5071
0.405 -4484
0.405333 -5601
0.405667 -1000
0.406 -798
0.406333 -6941
0.406667 -6722
0.407 -4488
0.407333 -8465
0.407667 -7375
0.408 -261
0.408333 -1613
0.408667 -5138
0.409 519
0.409333 3360
0.409667 279
0.41 6130
0.410333 14656
0.410667 11971
0.411 9395
0.411333 12935
0.411667 8917
0.412 1391
0.412333 3439
0.412667 4959
0.413 -943
0.413333 -2230
0.413667 -821
0.414 -6463
0.414333 -9542
0.414667 -5071
0.415 -4484
0.415333 -5601
0.415667 -1000
0.416 -798
0.416333 -6941
0.416667 -6722
0.417 -4488
0.417333 -8465
0.417667 -7375
0.418 -261
0.418333 -1613
0.418667 -5138
0.419 519
0.419333 3360
0.419667 279
0.42 6130
0.420333 14656
0.420667 11971
0.421 9395
0.421333 12935
0.421667 8917
0.422 1391
0.422333 3439
0.422667 4959
0.423 -943
0.423333 -2230
0.423667 -821
0.424 -6463
0.424333 -9542
0.424667 -5071
0.425 -4484
0.425333 -5601
0.425667 -1000
0.426 -798
0.426333 -6941
0.426667 -6722
0.427 -4488
0.427333 -8465
0.427667 -7375
0.428 -261
0.428333 -1613
0.428667 -5138
0.429 519
0.429333 3360
0.429667 279
0.43 6130
0.430333 14656
0.430667 11971
0.431 9395
0.431333 12935
0.431667 8917
0.432 1391
0.432333 3439
0.432667 4959
0.433 -943
0.433333 -2230
0.433667 -821
0.434 -6463
0.434333 -9542
0.434667 -5071
0.435 -4484
0.435333 -5601
0.435667 -1000
0.436 -798
0.436333 -6941
0.436667 -6722
0.437 -4488
0.437333 -8465
0.437667 -7375
0.438 -261
0.438333 -1613
0.438667 -5138
0.439 519
0.439333 3360
0.439667 279
0.44 6130
0.440333 14656
0.440667 11971
0.441 9395
0.441333 12935
0.441667 8917
0.442 1391
0.442333 3439
0.442667 4959
0.443 -943
0.443333 -2230
0.443667 -821
0.444 -6463
0.444333 -9542
0.444667 -5071
0.445 -4484
0.445333 -5601
0.445667 -1000
0.446 -798
0.446333 -6941
0.446667 -6722
0.447 -4488
0.447333 -8465
0.447667 -7375
0.448 -261
0.448333 -1613
0.448667 -5138
0.449 519
0.449333 3360
0.449667 279
0.45 6130
0.450333 14656
0.450667 11971
0.451 9395
0.451333 12935
0.451667 8917
0.452 1391
0.452333 3439
0.452667 4959
0.453 -943
0.453333 -2230
0.453667 -821
0.454 -6463
0.454333 -9542
0.454667 -5071
0.455 -4484
0.455333 -5601
0.455667 -1000
0.456 -798
0.456333 -6941
0.456667 -6722
0.457 -4488
0.457333 -8465
0.457667 -7375
0.458 -261
0.458333 -1613
0.458667 -5138
0.459 519
0.459333 3360
0.459667 279
0.46 6130
0.460333 14656
0.460667 11971
0.461 9395
0.461333 12935
0.461667 8917
0.462 1391
0.462333 3439
0.462667 4959
0.463 -943
0.463333 -2230
0.463667 -821
0.464 -6463
0.464333 -9542
0.464667 -5071
0.465 -4484
0.465333 -5601
0.465667 -1000
0.466 -798
0.466333 -6941
0.466667 -6722
0.467 -4488
0.467333 -8465
0.467667 -7375
0.468 -261
0.468333 -1613
0.468667 -5138
0.469 519
0.469333 3360
0.469667 279
0.47 6130
0.470333 14656
0.470667 11971
0.471 9395
0.471333 12935
0.471667 8917
0.472 1391
0.472333 3439
0.472667 4959
0.473 -943
0.473333 -2230
0.473667 -821
0.474 -6463
0.474333 -9542
0.474667 -5071
0.475 -4484
0.475333 -5601
0.475667 -1000
0.476 -798
0.476333 -6941
0.476667 -6722
0.477 -4488
0.477333 -8465
0.477667 -7375
0.478 -261
0.478333 -1613
0.478667 -5138
0.479 519
0.479333 3360
0.479667 279
0.48 6130
0.480333 14656
0.480667 11971
0.481 9395
0.481333 12935
0.481667 8917
0.482 1391
0.482333 3439
0.482667 4959
0.483 -943
0.483333 -2230
0.483667 -821
0.484 -6463
0.484333 -9542
0.484667 -5071
0.485 -4484
0.485333 -5601
0.485667 -1000
0.486 -798
0.486333 -6941
0.486667 -6722
0.487 -4488
0.487333 -8465
0.487667 -7375
0.488 -261
0.488333 -1613
0.488667 -5138
0.489 519
0.489333 3360
0.489667 279
0.49 6130
0.490333 14656
0.490667 11971
0.491 9395
0.491333 12935
0.491667 8917
0.492 1391
0.492333 3439
0.492667 4959
0.493 -943
0.493333 -2230
0.493667 -821
0.494 -6463
0.494333 -9542
0.494667 -5071
0.495 -4484
0.495333 -5601
0.495667 -1000
0.496 -798
0.496333 -6941
0.496667 -6722
0.497 -4488
0.497333 -8465
0.497667 -7375
0.498 -261
0.498333 -1613
0.498667 -5138
0.499 519
0.499333 3360
0.499667 279
0.5 6130
0.500333 14656
0.500667 11971
0.501 9395
0.501333 12935
0.501667 8917
0.502 1391
0.502333 3439
0.502667 4959
0.503 -943
0.503333 -2230
0.503667 -821
0.504 -6463
0.504333 -9542
0.504667 -5071
0.505 -4484
0.505333 -5601
0.505667 -1000
0.506 -798
0.506333 -6941
0.506667 -6722
0.507 -4488
0.507333 -8465
0.507667 -7375
0.508 -261
0.508333 -1613
0.508667 -5138
0.509 519
0.509333 3360
0.509667 279
0.51 6130
0.510333 14656
0.510667 11971
0.511 9395
0.511333 12935
0.511667 8917
0.512 1391
0.512333 3439
0.512667 4959
0.513 -943
0.513333 -2230
0.513667 -821
0.514 -6463
0.514333 -9542
0.514667 -5071
0.515 -4484
0.515333 -5601
0.515667 -1000
0.516 -798
0.516333 -6941
0.516667 -6722
0.517 -4488
0.517333 -8465
0.517667 -7375
0.518 -261
0.518333 -1613
0.518667 -5138
0.519 519
0.519333 3360
0.519667 279
0.52 6130
0.520333 14656
0.520667 11971
0.521 9395
0.521333 12935
0.521667 8917
0.522 1391
0.522333 3439
0.522667 4959
0.523 -943
0.523333 -2230
0.523667 -821
0.524 -6463
0.524333 -9542
0.524667 -5071
0.525 -4484
0.525333 -5601
0.525667 -1000
0.526 -798
0.526333 -6941
0.526667 -6722
0.527 -4488
0.527333 -8465
0.527667 -7375
0.528 -261
0.528333 -1613
0.528667 -5138
0.529 519
0.529333 3360
0.529667 279
0.53 6130
0.530333 14656
0.530667 11971
0.531 9395
0.531333 12935
0.531667 8917
0.532 1391
0.532333 3439
0.532667 4959
0.533 -943
0.533333 -2230
0.533667 -821
0.534 -6463
0.534333 -9542
0.534667 -5071
0.535 -4484
0.535333 -5601
0.535667 -1000
0.536 -798
0.536333 -6941
0.536667 -6722
0.537 -4488
0.537333 -8465
0.537667 -7375
0.538 -261
0.538333 -1613
0.538667 -5138
0.539 519
0.539333 3360
0.539667 279
0.54 6130
0.540333 14656
0.540667 11971
0.541 9395
0.541333 12935
0.541667 8917
0.542 1391
0.542333 3439
0.542667 4959
0.543 -943
0.543333 -2230
0.543667 -821
0.544 -6463
0.544333 -9542
0.544667 -5071
0.545 -4484
0.545333 -5601
0.545667 -1000
0.546 -798
0.546333 -6941
0.546667 -6722
0.547 -4488
0.547333 -8465
0.547667 -7375
0.548 -261
0.548333 -1613
0.548667 -5138
0.549 519
0.549333 3360
0.549667 279
0.55 6130
0.550333 14656
0.550667 11971
0.551 9395
0.551333 12935
0.551667 8917
0.552 1391
0.552333 3439
0.552667 4959
0.553 -943
0.553333 -2230
0.553667 -821
0.554 -6463
0.554333 -9542
0.554667 -5071
0.555 -4484
0.555333 -5601
0.555667 -1000
0.556 -798
0.556333 -6941
0.556667 -6722
0.557 -4488
0.557333 -8465
0.557667 -7375
0.558 -261
0.558333 -1613
0.558667 -5138
0.559 519
0.559333 3360
0.559667 279
0.56 6130
0.560333 14656
0.560667 11971
0.561 9395
0.561333 12935
0.561667 8917
0.562 1391
0.562333 3439
0.562667 4959
0.563 -943
0.563333 -2230
0.563667 -821
0.564 -6463
0.564333 -9542
0.564667 -5071
0.565 -4484
0.565333 -5601
0.565667 -1000
0.566 -798
0.566333 -6941
0.566667 -6722
0.567 -4488
0.567333 -8465
0.567667 -7375
0.568 -261
0.568333 -1613
0.568667 -5138
0.569 519
0.569333 3360
0.569667 279
0.57 6130
0.570333 14656
0.570667 11971
0.571 9395
0.571333 12935
0.571667 8917
0.572 1391
0.572333 3439
0.572667 4959
0.573 -943
0.573333 -2230
0.573667 -821
0.574 -6463
0.574333 -9542
0.574667 -5071
0.575 -4484
0.575333 -5601
0.575667 -1000
0.576 -798
0.576333 -6941
0.576667 -6722
0.577 -4488
0.577333 -8465
0.577667 -7375
0.578 -261
0.578333 -1613
0.578667 -5138
0.579 519
0.579333 3360
0.579667 279
0.58 6130
0.580333 14656
0.580667 11971
0.581 9395
0.581333 12935
0.581667 8917
0.582 1391
0.582333 3439
0.582667 4959
0.583 -943
0.583333 -2230
0.583667 -821
0.584 -6463
0.584333 -9542
0.584667 -5071
0.585 -4484
0.585333 -5601
0.585667 -1000
0.586 -798
0.586333 -6941
0.586667 -6722
0.587 -4488
0.587333 -8465
0.587667 -7375
0.588 -261
0.588333 -1613
0.588667 -5138
0.589 519
0.589333 3360
0.589667 279
0.59 6130
0.590333 14656
0.590667 11971
0.591 9395
0.591333 12935
0.591667 8917
0.592 1391
0.592333 3439
0.592667 4959
0.593 -943
0.593333 -2230
0.593667 -821
0.594 -6463
0.594333 -9542
0.594667 -5071
0.595 -4484
0.595333 -5601
0.595667 -1000
0.596 -798
0.596333 -6941
0.596667 -6722
0.597 -4488
0.597333 -8465
0.597667 -7375
0.598 -261
0.598333 -1613
0.598667 -5138
0.599 519
0.599333 3360
0.599667 279
0.6 6130
0.600333 14656
0.600667 11971
0.601 9395
0.601333 12935
0.601667 8917
0.602 1391
0.602333 3439
0.602667 4959
0.603 -943
0.603333 -2230
0.603667 -821
0.604 -6463
0.604333 -9542
0.604667 -5071
0.605 -4484
0.605333 -5601
0.605667 -1000
0.606 -798
0.606333 -6941
0.606667 -6722
0.607 -4488
0.607333 -8465
0.607667 -7375
0.608 -261
0.608333 -1613
0.608667 -5138
0.609 519
0.609333 3360
0.609667 279
0.61 6130
0.610333 14656
0.610667 11971
0.611 9395
0.611333 12935
0.611667 8917
0.612 1391
0.612333 3439
0.612667 4959
0.613 -943
0.613333 -2230
0.613667 -821
0.614 -6463
0.614333 -9542
0.614667 -5071
0.615 -4484
0.615333 -5601
0.615667 -1000
0.616 -798
0.616333 -6941
0.616667 -6722
0.617 -4488
0.617333 -8465
0.617667 -7375
0.618 -261
0.618333 -1613
0.618667 -5138
0.619 519
0.619333 3360
0.619667 279
0.62 6130
0.620333 14656
0.620667 11971
0.621 9395
0.621333 12935
0.621667 8917
0.622 1391
0.622333 3439
0.622667 4959
0.623 -943
0.623333 -2230
0.623667 -821
0.624 -6463
0.624333 -9542
0.624667 -5071
0.625 -4484
0.625333 -5601
0.625667 -1000
0.626 -798
0.626333 -6941
0.626667 -6722
0.627 -4488
0.627333 -8465
0.627667 -7375
0.628 -261
0.628333 -1613
0.628667 -5138
0.629 519
0.629333 3360
0.629667 279
0.63 6130
0.630333 14656
0.630667 11971
0.631 9395
0.631333 12935
0.631667 8917
0.632 1391
0.632333 3439
0.632667 4959
0.633 -943
0.633333 -2230
0.633667 -821
0.634 -6463
0.634333 -9542
0.634667 -5071
0.635 -4484
0.635333 -5601
0.635667 -1000
0.636 -798
0.636333 -6941
0.636667 -6722
0.637 -4488
0.637333 -8465
0.637667 -7375
0.638 -261
0.638333 -1613
0.638667 -5138
0.639 519
0.639333 3360
0.639667 279
0.64 6130
0.640333 14656
0.640667 11971
0.641 9395
0.641333 12935
0.641667 8917
0.642 1391
0.642333 3439
0.642667 4959
0.643 -943
0.643333 -2230
0.643667 -821
0.644 -6463
0.644333 -9542
0.644667 -5071
0.645 -4484
0.645333 -5601
0.645667 -1000
0.646 -798
0.646333 -6941
0.646667 -6722
0.647 -4488
0.647333 -8465
0.647667 -7375
0.648 -261
0.648333 -1613
0.648667 -5138
0.649 519
0.649333 3360
0.649667 279
0.65 6130
0.650333 14656
0.650667 11971
0.651 9395
0.651333 12935
0.651667 8917
0.652 1391
0.652333 3439
0.652667 4959
0.653 -943
0.653333 -2230
0.653667 -821
0.654 -6463
0.654333 -9542
0.654667 -5071
0.655 -4484
0.655333 -5601
0.655667 -1000
0.656 -798
0.656333 -6941
0.656667 -6722
0.657 -4488
0.657333 -8465
0.657667 -7375
0.658 -261
0.658333 -1613
0.658667 -5138
0.659 519
0.659333 3360
0.659667 279
0.66 6130
0.660333 14656
0.660667 11971
0.661 9395
0.661333 12935
0.661667 8917
0.662 1391
0.662333 3439
0.662667 4959
0.663 -943
0.663333 -2230
0.663667 -821
0.664 -6463
0.664333 -9542
0.664667 -5071
0.665 -4484
0.665333 -5601
0.665667 -1000
0.666 -798
0.666333 -6941
0.666667 -6722
0.667 -4488
0.667333 -8465
0.667667 -7375
0.668 -261
0.668333 -1613
0.668667 -5138
0.669 519
0.669333 3360
0.669667 279
0.67 6130
0.670333 14656
0.670667 11971
0.671 9395
0.671333 12935
0.671667 8917
0.672 1391
0.672333 3439
0.672667 4959
0.673 -943
0.673333 -2230
0.673667 -821
0.674 -6463
0.674333 -9542
0.674667 -5071
0.675 -4484
0.675333 -5601
0.675667 -1000
0.676 -798
0.676333 -6941
0.676667 -6722
0.677 -4488
0.677333 -8465
0.677667 -7375
0.678 -261
0.678333 -1613
0.678667 -5138
0.679 519
0.679333 3360
0.679667 279
0.68 6130
0.680333 14656
0.680667 11971
0.681 9395
0.681333 12935
0.681667 8917
0.682 1391
0.682333 3439
0.682667 4959
0.683 -943
0.683333 -2230
0.683667 -821
0.684 -6463
0.684333 -9542
0.684667 -5071
0.685 -4484
0.685333 -5601
0.685667 -1000
0.686 -798
0.686333 -6941
0.686667 -6722
0.687 -4488
0.687333 -8465
0.687667 -7375
0.688 -261
0.688333 -1613
0.688667 -5138
0.689 519
0.689333 3360
0.689667 279
0.69 6130
0.690333 14656
0.690667 11971
0.691 9395
0.691333 12935
0.691667 8917
0.692 1391
0.692333 3439
0.692667 4959
0.693 -943
0.693333 -2230
0.693667 -821
0.694 -6463
0.694333 -9542
0.694667 -5071
0.695 -4484
0.695333 -5601
0.695667 -1000
0.696 -798
0.696333 -6941
0.696667 -6722
0.697 -4488
0.697333 -8465
0.697667 -7375
0.698 -261
0.698333 -1613
0.698667 -5138
0.699 519
0.699333 3360
0.699667 279
0.7 6130
0.700333 14656
0.700667 11971
0.701 9395
0.701333 12935
0.701667 8917
0.702 1391
0.702333 3439
0.702667 4959
0.703 -943
0.703333 -2230
0.703667 -821
0.704 -6463
0.704333 -9542
0.704667 -5071
0.705 -4484
0.705333 -5601
0.705667 -1000
0.706 -798
0.706333 -6941
0.706667 -6722
0.707 -4488
0.707333 -8465
0.707667 -7375
0.708 -261
0.708333 -1613
0.708667 -5138
0.709 519
0.709333 3360
0.709667 279
0.71 6130
0.710333 14656
0.710667 11971
0.711 9395
0.711333 12935
0.711667 8917
0.712 1391
0.712333 3439
0.712667 4959
0.713 -943
0.713333 -2230
0.713667 -821
0.714 -6463
0.714333 -9542
0.714667 -5071
0.715 -4484
0.715333 -5601
0.715667 -1000
0.716 -798
0.716333 -6941
0.716667 -6722
0.717 -4488
0.717333 -8465
0.717667 -7375
0.718 -261
0.718333 -1613
0.718667 -5138
0.719 519
0.719333 3360
0.719667 279
0.72 6130
0.720333 14656
0.720667 11971
0.721 9395
0.721333 12935
0.721667 8917
0.722 1391
0.722333 3439
0.722667 4959
0.723 -943
0.723333 -2230
0.723667 -821
0.724 -6463
0.724333 -9542
0.724667 -5071
0.725 -4484
0.725333 -5601
0.725667 -1000
0.726 -798
0.726333 -6941
0.726667 -6722
0.727 -4488
0.727333 -8465
0.727667 -7375
0.728 -261
0.728333 -1613
0.728667 -5138
0.729 519
0.729333 3360
0.729667 279
0.73 6130
0.730333 14656
0.730667 11971
0.731 9395
0.731333 12935
0.731667 8917
0.732 1391
0.732333 3439
0.732667 4959
0.733 -943
0.733333 -2230
0.733667 -821
0.734 -6463
0.734333 -9542
0.734667 -5071
0.735 -4484
0.735333 -5601
0.735667 -1000
0.736 -798
0.736333 -6941
0.736667 -6722
0.737 -4488
0.737333 -8465
0.737667 -7375
0.738 -261
0.738333 -1613
0.738667 -5138
0.739 519
0.739333 3360
0.739667 279
0.74 6130
0.740333 14656
0.740667 11971
0.741 9395
0.741333 12935
0.741667 8917
0.742 1391
0.742333 3439
0.742667 4959
0.743 -943
0.743333 -2230
0.743667 -821
0.744 -6463
0.744333 -9542
0.744667 -5071
0.745 -4484
0.745333 -5601
0.745667 -1000
0.746 -798
0.746333 -6941
0.746667 -6722
0.747 -4488
0.747333 -8465
0.747667 -7375
0.748 -261
0.748333 -1613
0.748667 -5138
0.749 519
0.749333 3360
0.749667 279
0.75 6130
0.750333 14656
0.750667 11971
0.751 9395
0.751333 12935
0.751667 8917
0.752 1391
0.752333 3439
0.752667 4959
0.753 -943
0.753333 -2230
0.753667 -821
0.754 -6463
0.754333 -9542
0.754667 -5071
0.755 -4484
0.755333 -5601
0.755667 -1000
0.756 -798
0.756333 -6941
0.756667 -6722
0.757 -4488
0.757333 -8465
0.757667 -7375
0.758 -261
0.758333 -1613
0.758667 -5138
0.759 519
0.759333 3360
0.759667 279
0.76 6130
0.760333 14656
0.760667 11971
0.761 9395
0.761333 12935
0.761667 8917
0.762 1391
0.762333 3439
0.762667 4959
0.763 -943
0.763333 -2230
0.763667 -821
0.764 -6463
0.764333 -9542
0.764667 -5071
0.765 -4484
0.765333 -5601
0.765667 -1000
0.766 -798
0.766333 -6941
0.766667 -6722
0.767 -4488
0.767333 -8465
0.767667 -7375
0.768 -261
0.768333 -1613
0.768667 -5138
0.769 519
0.769333 3360
0.769667 279
0.77 6130
0.770333 14656
0.770667 11971
0.771 9395
0.771333 12935
0.771667 8917
0.772 1391
0.772333 3439
0.772667 4959
0.773 -943
0.773333 -2230
0.773667 -821
0.774 -6463
0.774333 -9542
0.774667 -5071
0.775 -4484
0.775333 -5601
0.775667 -1000
0.776 -798
0.776333 -6941
0.776667 -6722
0.777 -4488
0.777333 -8465
0.777667 -7375
0.778 -261
0.778333 -1613
0.778667 -5138
0.779 519
0.779333 3360
0.779667 279
0.78 6130
0.780333 14656
0.780667 11971
0.781 9395
0.781333 12935
0.781667 8917
0.782 1391
0.782333 3439
0.782667 4959
0.783 -943
0.783333 -2230
0.783667 -821
0.784 -6463
0.784333 -9542
0.784667 -5071
0.785 -4484
0.785333 -5601
0.785667 -1000
0.786 -798
0.786333 -6941
0.786667 -6722
0.787 -4488
0.787333 -8465
0.787667 -7375
0.788 -261
0.788333 -1613
0.788667 -5138
0.789 519
0.789333 3360
0.789667 279
0.79 6130
0.790333 14656
0.790667 11971
0.791 9395
0.791333 12935
0.791667 8917
0.792 1391
0.792333 3439
0.792667 4959
0.793 -943
0.793333 -2230
0.793667 -821
0.794 -6463
0.794333 -9542
0.794667 -5071
0.795 -4484
0.795333 -5601
0.795667 -1000
0.796 -798
0.796333 -6941
0.796667 -6722
0.797 -4488
0.797333 -8465
0.797667 -7375
0.798 -261
0.798333 -1613
0.798667 -5138
0.799 519
0.799333 3360
0.799667 279
0.8 6130
0.800333 14656
0.800667 11971
0.801 9395
0.801333 12935
0.801667 8917
0.802 1391
0.802333 3439
0.802667 4959
0.803 -943
0.803333 -2230
0.803667 -821
0.804 -6463
0.804333 -9542
0.804667 -5071
0.805 -4484
0.805333 -5601
0.805667 -1000
0.806 -798
0.806333 -6941
0.806667 -6722
0.807 -4488
0.807333 -8465
0.807667 -7375
0.808 -261
0.808333 -1613
0.808667 -5138
0.809 519
0.809333 3360
0.809667 279
0.81 6130
0.810333 14656
0.810667 11971
0.811 9395
0.811333 12935
0.811667 8917
0.812 1391
0.812333 3439
0.812667 4959
0.813 -943
0.813333 -2230
0.813667 -821
0.814 -6463
0.814333 -9542
0.814667 -5071
0.815 -4484
0.815333 -5601
0.815667 -1000
0.816 -798
0.816333 -6941
0.816667 -6722
0.817 -4488
0.817333 -8465
0.817667 -7375
0.818 -261
0.818333 -1613
0.818667 -5138
0.819 519
0.819333 3360
0.819667 279
0.82 6130
0.820333 14656
0.820667 11971
0.821 9395
0.821333 12935
0.821667 8917
0.822 1391
0.822333 3439
0.822667 4959
0.823 -943
0.823333 -2230
0.823667 -821
0.824 -6463
0.824333 -9542
0.824667 -5071
0.825 -4484
0.825333 -5601
0.825667 -1000
0.826 -798
0.826333 -6941
0.826667 -6722
0.827 -4488
0.827333 -8465
0.827667 -7375
0.828 -261
0.828333 -1613
0.828667 -5138
0.829 519
0.829333 3360
0.829667 279
0.83 6130
0.830333 14656
0.830667 11971
0.831 9395
0.831333 12935
0.831667 8917
0.832 1391
0.832333 3439
0.832667 4959
0.833 -943
0.833333 -2230
0.833667 -821
0.834 -6463
0.834333 -9542
0.834667 -5071
0.835 -4484
0.835333 -5601
0.835667 -1000
0.836 -798
0.836333 -6941
0.836667 -6722
0.837 -4488
0.837333 -8465
0.837667 -7375
0.838 -261
0.838333 -1613
0.838667 -5138
0.839 519
0.839333 3360
0.839667 279
0.84 6130
0.840333 14656
0.840667 11971
0.841 9395
0.841333 12935
0.841667 8917
0.842 1391
0.842333 3439
0.842667 4959
0.843 -943
0.843333 -2230
0.843667 -821
0.844 -6463
0.844333 -9542
0.844667 -5071
0.845 -4484
0.845333 -5601
0.845667 -1000
0.846 -798
0.846333 -6941
0.846667 -6722
0.847 -4488
0.847333 -8465
0.847667 -7375
0.848 -261
0.848333 -1613
0.848667 -5138
0.849 519
0.849333 3360
0.849667 279
0.85 6130
0.850333 14656
0.850667 11971
0.851 9395
0.851333 12935
0.851667 8917
0.852 1391
0.852333 3439
0.852667 4959
0.853 -943
0.853333 -2230
0.853667 -821
0.854 -6463
0.854333 -9542
0.854667 -5071
0.855 -4484
0.855333 -5601
0.855667 -1000
0.856 -798
0.856333 -6941
0.856667 -6722
0.857 -4488
0.857333 -8465
0.857667 -7375
0.858 -261
0.858333 -1613
0.858667 -5138
0.859 519
0.859333 3360
0.859667 279
0.86 6130
0.860333 14656
0.860667 11971
0.861 9395
0.861333 12935
0.861667 8917
0.862 1391
0.862333 3439
0.862667 4959
0.863 -943
0.863333 -2230
0.863667 -821
0.864 -6463
0.864333 -9542
0.864667 -5071
0.865 -4484
0.865333 -5601
0.865667 -1000
0.866 -798
0.866333 -6941
0.866667 -6722
0.867 -4488
0.867333 -8465
0.867667 -7375
0.868 -261
0.868333 -1613
0.868667 -5138
0.869 519
0.869333 3360
0.869667 279
0.87 6130
0.870333 14656
0.870667 11971
0.871 9395
0.871333 12935
0.871667 8917
0.872 1391
0.872333 3439
0.872667 4959
0.873 -943
0.873333 -2230
0.873667 -821
0.874 -6463
0.874333 -9542
0.874667 -5071
0.875 -4484
0.875333 -5601
0.875667 -1000
0.876 -798
0.876333 -6941
0.876667 -6722
0.877 -4488
0.877333 -8465
0.877667 -7375
0.878 -261
0.878333 -1613
0.878667 -5138
0.879 519
0.879333 3360
0.879667 279
0.88 6130
0.880333 14656
0.880667 11971
0.881 9395
0.881333 12935
0.881667 8917
0.882 1391
0.882333 3439
0.882667 4959
0.883 -943
0.883333 -2230
0.883667 -821
0.884 -6463
0.884333 -9542
0.884667 -5071
0.885 -4484
0.885333 -5601
0.885667 -1000
0.886 -798
0.886333 -6941
0.886667 -6722
0.887 -4488
0.887333 -8465
0.887667 -7375
0.888 -261
0.888333 -1613
0.888667 -5138
0.889 519
0.889333 3360
0.889667 279
0.89 6130
0.890333 14656
0.890667 11971
0.891 9395
0.891333 12935
0.891667 8917
0.892 1391
0.892333 3439
0.892667 4959
0.893 -943
0.893333 -2230
0.893667 -821
0.894 -6463
0.894333 -9542
0.894667 -5071
0.895 -4484
0.895333 -5601
0.895667 -1000
0.896 -798
0.896333 -6941
0.896667 -6722
0.897 -4488
0.897333 -8465
0.897667 -7375
0.898 -261
0.898333 -1613
0.898667 -5138
0.899 519
0.899333 3360
0.899667 279
0.9 6130
0.900333 14656
0.900667 11971
0.901 9395
0.901333 12935
0.901667 8917
0.902 1391
0.902333 3439
0.902667 4959
0.903 -943
0.903333 -2230
0.903667 -821
0.904 -6463
0.904333 -9542
0.904667 -5071
0.905 -4484
0.905333 -5601
0.905667 -1000
0.906 -798
0.906333 -6941
0.906667 -6722
0.907 -4488
0.907333 -8465
0.907667 -7375
0.908 -261
0.908333 -1613
0.908667 -5138
0.909 519
0.909333 3360
0.909667 279
0.91 6130
0.910333 14656
0.910667 11971
0.911 9395
0.911333 12935
0.911667 8917
0.912 1391
0.912333 3439
0.912667 4959
0.913 -943
0.913333 -2230
0.913667 -821
0.914 -6463
0.914333 -9542
0.914667 -5071
0.915 -4484
0.915333 -5601
0.915667 -1000
0.916 -798
0.916333 -6941
0.916667 -6722
0.917 -4488
0.917333 -8465
0.917667 -7375
0.918 -261
0.918333 -1613
0.918667 -5138
0.919 519
0.919333 3360
0.919667 279
0.92 6130
0.920333 14656
0.920667 11971
0.921 9395
0.921333 12935
0.921667 8917
0.922 1391
0.922333 3439
0.922667 4959
0.923 -943
0.923333 -2230
0.923667 -821
0.924 -6463
0.924333 -9542
0.924667 -5071
0.925 -4484
0.925333 -5601
0.925667 -1000
0.926 -798
0.926333 -6941
0.926667 -6722
0.927 -4488
0.927333 -8465
0.927667 -7375
0.928 -261
0.928333 -1613
0.928667 -5138
0.929 519
0.929333 3360
0.929667 279
0.93 6130
0.930333 14656
0.930667 11971
0.931 9395
0.931333 12935
0.931667 8917
0.932 1391
0.932333 3439
0.932667 4959
0.933 -943
0.933333 -2230
0.933667 -821
0.934 -6463
0.934333 -9542
0.934667 -5071
0.935 -4484
0.935333 -5601
0.935667 -1000
0.936 -798
0.936333 -6941
0.936667 -6722
0.937 -4488
0.937333 -8465
0.937667 -7375
0.938 -261
0.938333 -1613
0.938667 -5138
0.939 519
0.939333 3360
0.939667 279
0.94 6130
0.940333 14656
0.940667 11971
0.941 9395
0.941333 12935
0.941667 8917
0.942 1391
0.942333 3439
0.942667 4959
0.943 -943
0.943333 -2230
0.943667 -821
0.944 -6463
0.944333 -9542
0.944667 -5071
0.945 -4484
0.945333 -5601
0.945667 -1000
0.946 -798
0.946333 -6941
0.946667 -6722
0.947 -4488
0.947333 -8465
0.947667 -7375
0.948 -261
0.948333 -1613
0.948667 -5138
0.949 519
0.949333 3360
0.949667 279
0.95 6130
0.950333 14656
0.950667 11971
0.951 9395
0.951333 12935
0.951667 8917
0.952 1391
0.952333 3439
0.952667 4959
0.953 -943
0.953333 -2230
0.953667 -821
0.954 -6463
0.954333 -9542
0.954667 -5071
0.955 -4484
0.955333 -5601
0.955667 -1000
0.956 -798
0.956333 -6941
0.956667 -6722
0.957 -4488
0.957333 -8465
0.957667 -7375
0.958 -261
0.958333 -1613
0.958667 -5138
0.959 519
0.959333 3360
0.959667 279
0.96 6130
0.960333 14656
0.960667 11971
0.961 9395
0.961333 12935
0.961667 8917
0.962 1391
0.962333 3439
0.962667 4959
0.963 -943
0.963333 -2230
0.963667 -821
0.964 -6463
0.964333 -9542
0.964667 -5071
0.965 -4484
0.965333 -5601
0.965667 -1000
0.966 -798
0.966333 -6941
0.966667 -6722
0.967 -4488
0.967333 -8465
0.967667 -7375
0.968 -261
0.968333 -1613
0.968667 -5138
0.969 519
0.969333 3360
0.969667 279
0.97 6130
0.970333 14656
0.970667 11971
0.971 9395
0.971333 12935
0.971667 8917
0.972 1391
0.972333 3439
0.972667 4959
0.973 -943
0.973333 -2230
0.973667 -821
0.974 -6463
0.974333 -9542
0.974667 -5071
0.975 -4484
0.975333 -5601
0.975667 -1000
0.976 -798
0.976333 -6941
0.976667 -6722
0.977 -4488
0.977333 -8465
0.977667 -7375
0.978 -261
0.978333 -1613
0.978667 -5138
0.979 519
0.979333 3360
0.979667 279
0.98 6130
0.980333 14656
0.980667 11971
0.981 9395
0.981333 12935
0.981667 8917
0.982 1391
0.982333 3439
0.982667 4959
0.983 -943
0.983333 -2230
0.983667 -821
0.984 -6463
0.984333 -9542
0.984667 -5071
0.985 -4484
0.985333 -5601
0.985667 -1000
0.986 -798
0.986333 -6941
0.986667 -6722
0.987 -4488
0.987333 -8465
0.987667 -7375
0.988 -261
0.988333 -1613
0.988667 -5138
0.989 519
0.989333 3360
0.989667 279
0.99 6130
0.990333 14656
0.990667 11971
0.991 9395
0.991333 12935
0.991667 8917
0.992 1391
0.992333 3439
0.992667 4959
0.993 -943
0.993333 -2230
0.993667 -821
0.994 -6463
0.994333 -9542
0.994667 -5071
0.995 -4484
0.995333 -5601
0.995667 -1000
0.996 -798
0.996333 -6941
0.996667 -6722
0.997 -4488
0.997333 -8465
0.997667 -7375
0.998 -261
0.998333 -1613
0.998667 -5138
0.999 519
0.999333 3360
0.999667 279
