0 0
0.000333333 2978
0.000666667 5146
0.001 6853
0.00133333 10661
0.00166667 13330
0.002 13270
0.00233333 14334
0.00266667 16206
0.003 15731
0.00333333 14779
0.00366667 14440
0.004 11769
0.00433333 7822
0.00466667 5730
0.005 3879
0.00533333 1560
0.00566667 1149
0.006 820
0.00633333 -2062
0.00666667 -4854
0.007 -6718
0.00733333 -10234
0.00766667 -13297
0.008 -13405
0.00833333 -14075
0.00866667 -16209
0.009 -15993
0.00933333 -14597
0.00966667 -14481
0.01 -11935
0.0103333 -5846
0.0106667 -873
0.011 3030
0.0113333 8403
0.0116667 12107
0.012 12685
0.0123333 14114
0.0126667 16174
0.013 15782
0.0133333 14856
0.0136667 14515
0.014 11830
0.0143333 7866
0.0146667 5759
0.015 3896
0.0153333 1569
0.0156667 1154
0.016 823
0.0163333 -2060
0.0166667 -4852
0.017 -6716
0.0173333 -10232
0.0176667 -13296
0.018 -13404
0.0183333 -14074
0.0186667 -16208
0.019 -15992
0.0193333 -14596
0.0196667 -14480
0.02 -11934
0.0203333 -5846
0.0206667 -873
0.021 3030
0.0213333 8403
0.0216667 12107
0.022 12685
0.0223333 14114
0.0226667 16174
0.023 15782
0.0233333 14856
0.0236667 14515
0.024 11830
0.0243333 7866
0.0246667 5759
0.025 3896
0.0253333 1569
0.0256667 1154
0.026 823
0.0263333 -2060
0.0266667 -4852
0.027 -6716
0.0273333 -10232
0.0276667 -13296
0.028 -13404
0.0283333 -14074
0.0286667 -16208
0.029 -15992
0.0293333 -14596
0.0296667 -14480
0.03 -11934
0.0303333 -5846
0.0306667 -873
0.031 3030
0.0313333 8403
0.0316667 12107
0.032 12685
0.0323333 14114
0.0326667 16174
0.033 15782
0.0333333 14856
0.0336667 14515
0.034 11830
0.0343333 7866
0.0346667 5759
0.035 3896
0.0353333 1569
0.0356667 1154
0.036 823
0.0363333 -2060
0.0366667 -4852
0.037 -6716
0.0373333 -10232
0.0376667 -13296
0.038 -13404
0.0383333 -14074
0.0386667 -16208
0.039 -15992
0.0393333 -14596
0.0396667 -14480
0.04 -11934
0.0403333 -5846
0.0406667 -873
0.041 3030
0.0413333 8403
0.0416667 12107
0.042 12685
0.0423333 14114
0.0426667 16174
0.043 15782
0.0433333 14856
0.0436667 14515
0.044 11830
0.0443333 7866
0.0446667 5759
0.045 3896
0.0453333 1569
0.0456667 1154
0.046 823
0.0463333 -2060
0.0466667 -4852
0.047 -6716
0.0473333 -10232
0.0476667 -13296
0.048 -13404
0.0483333 -14074
0.0486667 -16208
0.049 -15992
0.0493333 -14596
0.0496667 -14480
0.05 -11934
0.0503333 -5846
0.0506667 -873
0.051 3030
0.0513333 8403
0.0516667 12107
0.052 12685
0.0523333 14114
0.0526667 16174
0.053 15782
0.0533333 14856
0.0536667 14515
0.054 11830
0.0543333 7866
0.0546667 5759
0.055 3896
0.0553333 1569
0.0556667 1154
0.056 823
0.0563333 -2060
0.0566667 -4852
0.057 -6716
0.0573333 -10232
0.0576667 -13296
0.058 -13404
0.0583333 -14074
0.0586667 -16208
0.059 -15992
0.0593333 -14596
0.0596667 -14480
0.06 -11934
0.0603333 -5846
0.0606667 -873
0.061 3030
0.0613333 8403
0.0616667 12107
0.062 12685
0.0623333 14114
0.0626667 16174
0.063 15782
0.0633333 14856
0.0636667 14515
0.064 11830
0.0643333 7866
0.0646667 5759
0.065 3896
0.0653333 1569
0.0656667 1154
0.066 823
0.0663333 -2060
0.0666667 -4852
0.067 -6716
0.0673333 -10232
0.0676667 -13296
0.068 -13404
0.0683333 -14074
0.0686667 -16208
0.069 -15992
0.0693333 -14596
0.0696667 -14480
0.07 -11934
0.0703333 -5846
0.0706667 -873
0.071 3030
0.0713333 8403
0.0716667 12107
0.072 12685
0.0723333 14114
0.0726667 16174
0.073 15782
0.0733333 14856
0.0736667 14515
0.074 11830
0.0743333 7866
0.0746667 5759
0.075 3896
0.0753333 1569
0.0756667 1154
0.076 823
0.0763333 -2060
0.0766667 -4852
0.077 -6716
0.0773333 -10232
0.0776667 -13296
0.078 -13404
0.0783333 -14074
0.0786667 -16208
0.079 -15992
0.0793333 -14596
0.0796667 -14480
0.08 -11934
0.0803333 -5846
0.0806667 -873
0.081 3030
0.0813333 8403
0.0816667 12107
0.082 12685
0.0823333 14114
0.0826667 16174
0.083 15782
0.0833333 14856
0.0836667 14515
0.084 11830
0.0843333 7866
0.0846667 5759
0.085 3896
0.0853333 1569
0.0856667 1154
0.086 823
0.0863333 -2060
0.0866667 -4852
0.087 -6716
0.0873333 -10232
0.0876667 -13296
0.088 -13404
0.0883333 -14074
0.0886667 -16208
0.089 -15992
0.0893333 -14596
0.0896667 -14480
0.09 -11934
0.0903333 -5846
0.0906667 -873
0.091 3030
0.0913333 8403
0.0916667 12107
0.092 12685
0.0923333 14114
0.0926667 16174
0.093 15782
0.0933333 14856
0.0936667 14515
0.094 11830
0.0943333 7866
0.0946667 5759
0.095 3896
0.0953333 1569
0.0956667 1154
0.096 823
0.0963333 -2060
0.0966667 -4852
0.097 -6716
0.0973333 -10232
0.0976667 -13296
0.098 -13404
0.0983333 -14074
0.0986667 -16208
0.099 -15992
0.0993333 -14596
0.0996667 -14480
0.1 -11934
0.100333 -5846
0.100667 -873
0.101 3030
0.101333 8403
0.101667 12107
0.102 12685
0.102333 14114
0.102667 16174
0.103 15782
0.103333 14856
0.103667 14515
0.104 11830
0.104333 7866
0.104667 5759
0.105 3896
0.105333 1569
0.105667 1154
0.106 823
0.106333 -2060
0.106667 -4852
0.107 -6716
0.107333 -10232
0.107667 -13296
0.108 -13404
0.108333 -14074
0.108667 -16208
0.109 -15992
0.109333 -14596
0.109667 -14480
0.11 -11934
0.110333 -5846
0.110667 -873
0.111 3030
0.111333 8403
0.111667 12107
0.112 12685
0.112333 14114
0.112667 16174
0.113 15782
0.113333 14856
0.113667 14515
0.114 11830
0.114333 7866
0.114667 5759
0.115 3896
0.115333 1569
0.115667 1154
0.116 823
0.116333 -2060
0.116667 -4852
0.117 -6716
0.117333 -10232
0.117667 -13296
0.118 -13404
0.118333 -14074
0.118667 -16208
0.119 -15992
0.119333 -14596
0.119667 -14480
0.12 -11934
0.120333 -5846
0.120667 -873
0.121 3030
0.121333 8403
0.121667 12107
0.122 12685
0.122333 14114
0.122667 16174
0.123 15782
0.123333 14856
0.123667 14515
0.124 11830
0.124333 7866
0.124667 5759
0.125 3896
0.125333 1569
0.125667 1154
0.126 823
0.126333 -2060
0.126667 -4852
0.127 -6716
0.127333 -10232
0.127667 -13296
0.128 -13404
0.128333 -14074
0.128667 -16208
0.129 -15992
0.129333 -14596
0.129667 -14480
0.13 -11934
0.130333 -5846
0.130667 -873
0.131 3030
0.131333 8403
0.131667 12107
0.132 12685
0.132333 14114
0.132667 16174
0.133 15782
0.133333 14856
0.133667 14515
0.134 11830
0.134333 7866
0.134667 5759
0.135 3896
0.135333 1569
0.135667 1154
0.136 823
0.136333 -2060
0.136667 -4852
0.137 -6716
0.137333 -10232
0.137667 -13296
0.138 -13404
0.138333 -14074
0.138667 -16208
0.139 -15992
0.139333 -14596
0.139667 -14480
0.14 -11934
0.140333 -5846
0.140667 -873
0.141 3030
0.141333 8403
0.141667 12107
0.142 12685
0.142333 14114
0.142667 16174
0.143 15782
0.143333 14856
0.143667 14515
0.144 11830
0.144333 7866
0.144667 5759
0.145 3896
0.145333 1569
0.145667 1154
0.146 823
0.146333 -2060
0.146667 -4852
0.147 -6716
0.147333 -10232
0.147667 -13296
0.148 -13404
0.148333 -14074
0.148667 -16208
0.149 -15992
0.149333 -14596
0.149667 -14480
0.15 -11934
0.150333 -5846
0.150667 -873
0.151 3030
0.151333 8403
0.151667 12107
0.152 12685
0.152333 14114
0.152667 16174
0.153 15782
0.153333 14856
0.153667 14515
0.154 11830
0.154333 7866
0.154667 5759
0.155 3896
0.155333 1569
0.155667 1154
0.156 823
0.156333 -2060
0.156667 -4852
0.157 -6716
0.157333 -10232
0.157667 -13296
0.158 -13404
0.158333 -14074
0.158667 -16208
0.159 -15992
0.159333 -14596
0.159667 -14480
0.16 -11934
0.160333 -5846
0.160667 -873
0.161 3030
0.161333 8403
0.161667 12107
0.162 12685
0.162333 14114
0.162667 16174
0.163 15782
0.163333 14856
0.163667 14515
0.164 11830
0.164333 7866
0.164667 5759
0.165 3896
0.165333 1569
0.165667 1154
0.166 823
0.166333 -2060
0.166667 -4852
0.167 -6716
0.167333 -10232
0.167667 -13296
0.168 -13404
0.168333 -14074
0.168667 -16208
0.169 -15992
0.169333 -14596
0.169667 -14480
0.17 -11934
0.170333 -5846
0.170667 -873
0.171 3030
0.171333 8403
0.171667 12107
0.172 12685
0.172333 14114
0.172667 16174
0.173 15782
0.173333 14856
0.173667 14515
0.174 11830
0.174333 7866
0.174667 5759
0.175 3896
0.175333 1569
0.175667 1154
0.176 823
0.176333 -2060
0.176667 -4852
0.177 -6716
0.177333 -10232
0.177667 -13296
0.178 -13404
0.178333 -14074
0.178667 -16208
0.179 -15992
0.179333 -14596
0.179667 -14480
0.18 -11934
0.180333 -5846
0.180667 -873
0.181 3030
0.181333 8403
0.181667 12107
0.182 12685
0.182333 14114
0.182667 16174
0.183 15782
0.183333 14856
0.183667 14515
0.184 11830
0.184333 7866
0.184667 5759
0.185 3896
0.185333 1569
0.185667 1154
0.186 823
0.186333 -2060
0.186667 -4852
0.187 -6716
0.187333 -10232
0.187667 -13296
0.188 -13404
0.188333 -14074
0.188667 -16208
0.189 -15992
0.189333 -14596
0.189667 -14480
0.19 -11934
0.190333 -5846
0.190667 -873
0.191 3030
0.191333 8403
0.191667 12107
0.192 12685
0.192333 14114
0.192667 16174
0.193 15782
0.193333 14856
0.193667 14515
0.194 11830
0.194333 7866
0.194667 5759
0.195 3896
0.195333 1569
0.195667 1154
0.196 823
0.196333 -2060
0.196667 -4852
0.197 -6716
0.197333 -10232
0.197667 -13296
0.198 -13404
0.198333 -14074
0.198667 -16208
0.199 -15992
0.199333 -14596
0.199667 -14480
0.2 -11934
0.200333 -5846
0.200667 -873
0.201 3030
0.201333 8403
0.201667 12107
0.202 12685
0.202333 14114
0.202667 16174
0.203 15782
0.203333 14856
0.203667 14515
0.204 11830
0.204333 7866
0.204667 5759
0.205 3896
0.205333 1569
0.205667 1154
0.206 823
0.206333 -2060
0.206667 -4852
0.207 -6716
0.207333 -10232
0.207667 -13296
0.208 -13404
0.208333 -14074
0.208667 -16208
0.209 -15992
0.209333 -14596
0.209667 -14480
0.21 -11934
0.210333 -5846
0.210667 -873
0.211 3030
0.211333 8403
0.211667 12107
0.212 12685
0.212333 14114
0.212667 16174
0.213 15782
0.213333 14856
0.213667 14515
0.214 11830
0.214333 7866
0.214667 5759
0.215 3896
0.215333 1569
0.215667 1154
0.216 823
0.216333 -2060
0.216667 -4852
0.217 -6716
0.217333 -10232
0.217667 -13296
0.218 -13404
0.218333 -14074
0.218667 -16208
0.219 -15992
0.219333 -14596
0.219667 -14480
0.22 -11934
0.220333 -5846
0.220667 -873
0.221 3030
0.221333 8403
0.221667 12107
0.222 12685
0.222333 14114
0.222667 16174
0.223 15782
0.223333 14856
0.223667 14515
0.224 11830
0.224333 7866
0.224667 5759
0.225 3896
0.225333 1569
0.225667 1154
0.226 823
0.226333 -2060
0.226667 -4852
0.227 -6716
0.227333 -10232
0.227667 -13296
0.228 -13404
0.228333 -14074
0.228667 -16208
0.229 -15992
0.229333 -14596
0.229667 -14480
0.23 -11934
0.230333 -5846
0.230667 -873
0.231 3030
0.231333 8403
0.231667 12107
0.232 12685
0.232333 14114
0.232667 16174
0.233 15782
0.233333 14856
0.233667 14515
0.234 11830
0.234333 7866
0.234667 5759
0.235 3896
0.235333 1569
0.235667 1154
0.236 823
0.236333 -2060
0.236667 -4852
0.237 -6716
0.237333 -10232
0.237667 -13296
0.238 -13404
0.238333 -14074
0.238667 -16208
0.239 -15992
0.239333 -14596
0.239667 -14480
0.24 -11934
0.240333 -5846
0.240667 -873
0.241 3030
0.241333 8403
0.241667 12107
0.242 12685
0.242333 14114
0.242667 16174
0.243 15782
0.243333 14856
0.243667 14515
0.244 11830
0.244333 7866
0.244667 5759
0.245 3896
0.245333 1569
0.245667 1154
0.246 823
0.246333 -2060
0.246667 -4852
0.247 -6716
0.247333 -10232
0.247667 -13296
0.248 -13404
0.248333 -14074
0.248667 -16208
0.249 -15992
0.249333 -14596
0.249667 -14480
0.25 -11934
0.250333 -5846
0.250667 -873
0.251 3030
0.251333 8403
0.251667 12107
0.252 12685
0.252333 14114
0.252667 16174
0.253 15782
0.253333 14856
0.253667 14515
0.254 11830
0.254333 7866
0.254667 5759
0.255 3896
0.255333 1569
0.255667 1154
0.256 823
0.256333 -2060
0.256667 -4852
0.257 -6716
0.257333 -10232
0.257667 -13296
0.258 -13404
0.258333 -14074
0.258667 -16208
0.259 -15992
0.259333 -14596
0.259667 -14480
0.26 -11934
0.260333 -5846
0.260667 -873
0.261 3030
0.261333 8403
0.261667 12107
0.262 12685
0.262333 14114
0.262667 16174
0.263 15782
0.263333 14856
0.263667 14515
0.264 11830
0.264333 7866
0.264667 5759
0.265 3896
0.265333 1569
0.265667 1154
0.266 823
0.266333 -2060
0.266667 -4852
0.267 -6716
0.267333 -10232
0.267667 -13296
0.268 -13404
0.268333 -14074
0.268667 -16208
0.269 -15992
0.269333 -14596
0.269667 -14480
0.27 -11934
0.270333 -5846
0.270667 -873
0.271 3030
0.271333 8403
0.271667 12107
0.272 12685
0.272333 14114
0.272667 16174
0.273 15782
0.273333 14856
0.273667 14515
0.274 11830
0.274333 7866
0.274667 5759
0.275 3896
0.275333 1569
0.275667 1154
0.276 823
0.276333 -2060
0.276667 -4852
0.277 -6716
0.277333 -10232
0.277667 -13296
0.278 -13404
0.278333 -14074
0.278667 -16208
0.279 -15992
0.279333 -14596
0.279667 -14480
0.28 -11934
0.280333 -5846
0.280667 -873
0.281 3030
0.281333 8403
0.281667 12107
0.282 12685
0.282333 14114
0.282667 16174
0.283 15782
0.283333 14856
0.283667 14515
0.284 11830
0.284333 7866
0.284667 5759
0.285 3896
0.285333 1569
0.285667 1154
0.286 823
0.286333 -2060
0.286667 -4852
0.287 -6716
0.287333 -10232
0.287667 -13296
0.288 -13404
0.288333 -14074
0.288667 -16208
0.289 -15992
0.289333 -14596
0.289667 -14480
0.29 -11934
0.290333 -5846
0.290667 -873
0.291 3030
0.291333 8403
0.291667 12107
0.292 12685
0.292333 14114
0.292667 16174
0.293 15782
0.293333 14856
0.293667 14515
0.294 11830
0.294333 7866
0.294667 5759
0.295 3896
0.295333 1569
0.295667 1154
0.296 823
0.296333 -2060
0.296667 -4852
0.297 -6716
0.297333 -10232
0.297667 -13296
0.298 -13404
0.298333 -14074
0.298667 -16208
0.299 -15992
0.299333 -14596
0.299667 -14480
0.3 -11934
0.300333 -5846
0.300667 -873
0.301 3030
0.301333 8403
0.301667 12107
0.302 12685
0.302333 14114
0.302667 16174
0.303 15782
0.303333 14856
0.303667 14515
0.304 11830
0.304333 7866
0.304667 5759
0.305 3896
0.305333 1569
0.305667 1154
0.306 823
0.306333 -2060
0.306667 -4852
0.307 -6716
0.307333 -10232
0.307667 -13296
0.308 -13404
0.308333 -14074
0.308667 -16208
0.309 -15992
0.309333 -14596
0.309667 -14480
0.31 -11934
0.310333 -5846
0.310667 -873
0.311 3030
0.311333 8403
0.311667 12107
0.312 12685
0.312333 14114
0.312667 16174
0.313 15782
0.313333 14856
0.313667 14515
0.314 11830
0.314333 7866
0.314667 5759
0.315 3896
0.315333 1569
0.315667 1154
0.316 823
0.316333 -2060
0.316667 -4852
0.317 -6716
0.317333 -10232
0.317667 -13296
0.318 -13404
0.318333 -14074
0.318667 -16208
0.319 -15992
0.319333 -14596
0.319667 -14480
0.32 -11934
0.320333 -5846
0.320667 -873
0.321 3030
0.321333 8403
0.321667 12107
0.322 12685
0.322333 14114
0.322667 16174
0.323 15782
0.323333 14856
0.323667 14515
0.324 11830
0.324333 7866
0.324667 5759
0.325 3896
0.325333 1569
0.325667 1154
0.326 823
0.326333 -2060
0.326667 -4852
0.327 -6716
0.327333 -10232
0.327667 -13296
0.328 -13404
0.328333 -14074
0.328667 -16208
0.329 -15992
0.329333 -14596
0.329667 -14480
0.33 -11934
0.330333 -5846
0.330667 -873
0.331 3030
0.331333 8403
0.331667 12107
0.332 12685
0.332333 14114
0.332667 16174
0.333 15782
0.333333 14856
0.333667 14515
0.334 11830
0.334333 7866
0.334667 5759
0.335 3896
0.335333 1569
0.335667 1154
0.336 823
0.336333 -2060
0.336667 -4852
0.337 -6716
0.337333 -10232
0.337667 -13296
0.338 -13404
0.338333 -14074
0.338667 -16208
0.339 -15992
0.339333 -14596
0.339667 -14480
0.34 -11934
0.340333 -5846
0.340667 -873
0.341 3030
0.341333 8403
0.341667 12107
0.342 12685
0.342333 14114
0.342667 16174
0.343 15782
0.343333 14856
0.343667 14515
0.344 11830
0.344333 7866
0.344667 5759
0.345 3896
0.345333 1569
0.345667 1154
0.346 823
0.346333 -2060
0.346667 -4852
0.347 -6716
0.347333 -10232
0.347667 -13296
0.348 -13404
0.348333 -14074
0.348667 -16208
0.349 -15992
0.349333 -14596
0.349667 -14480
0.35 -11934
0.350333 -5846
0.350667 -873
0.351 3030
0.351333 8403
0.351667 12107
0.352 12685
0.352333 14114
0.352667 16174
0.353 15782
0.353333 14856
0.353667 14515
0.354 11830
0.354333 7866
0.354667 5759
0.355 3896
0.355333 1569
0.355667 1154
0.356 823
0.356333 -2060
0.356667 -4852
0.357 -6716
0.357333 -10232
0.357667 -13296
0.358 -13404
0.358333 -14074
0.358667 -16208
0.359 -15992
0.359333 -14596
0.359667 -14480
0.36 -11934
0.360333 -5846
0.360667 -873
0.361 3030
0.361333 8403
0.361667 12107
0.362 12685
0.362333 14114
0.362667 16174
0.363 15782
0.363333 14856
0.363667 14515
0.364 11830
0.364333 7866
0.364667 5759
0.365 3896
0.365333 1569
0.365667 1154
0.366 823
0.366333 -2060
0.366667 -4852
0.367 -6716
0.367333 -10232
0.367667 -13296
0.368 -13404
0.368333 -14074
0.368667 -16208
0.369 -15992
0.369333 -14596
0.369667 -14480
0.37 -11934
0.370333 -5846
0.370667 -873
0.371 3030
0.371333 8403
0.371667 12107
0.372 12685
0.372333 14114
0.372667 16174
0.373 15782
0.373333 14856
0.373667 14515
0.374 11830
0.374333 7866
0.374667 5759
0.375 3896
0.375333 1569
0.375667 1154
0.376 823
0.376333 -2060
0.376667 -4852
0.377 -6716
0.377333 -10232
0.377667 -13296
0.378 -13404
0.378333 -14074
0.378667 -16208
0.379 -15992
0.379333 -14596
0.379667 -14480
0.38 -11934
0.380333 -5846
0.380667 -873
0.381 3030
0.381333 8403
0.381667 12107
0.382 12685
0.382333 14114
0.382667 16174
0.383 15782
0.383333 14856
0.383667 14515
0.384 11830
0.384333 7866
0.384667 5759
0.385 3896
0.385333 1569
0.385667 1154
0.386 823
0.386333 -2060
0.386667 -4852
0.387 -6716
0.387333 -10232
0.387667 -13296
0.388 -13404
0.388333 -14074
0.388667 -16208
0.389 -15992
0.389333 -14596
0.389667 -14480
0.39 -11934
0.390333 -5846
0.390667 -873
0.391 3030
0.391333 8403
0.391667 12107
0.392 12685
0.392333 14114
0.392667 16174
0.393 15782
0.393333 14856
0.393667 14515
0.394 11830
0.394333 7866
0.394667 5759
0.395 3896
0.395333 1569
0.395667 1154
0.396 823
0.396333 -2060
0.396667 -4852
0.397 -6716
0.397333 -10232
0.397667 -13296
0.398 -13404
0.398333 -14074
0.398667 -16208
0.399 -15992
0.399333 -14596
0.399667 -14480
0.4 -11934
0.400333 -5846
0.400667 -873
0.401 3030
0.401333 8403
0.401667 12107
0.402 12685
0.402333 14114
0.402667 16174
0.403 15782
0.403333 14856
0.403667 14515
0.404 11830
0.404333 7866
0.404667 5759
0.405 3896
0.405333 1569
0.405667 1154
0.406 823
0.406333 -2060
0.406667 -4852
0.407 -6716
0.407333 -10232
0.407667 -13296
0.408 -13404
0.408333 -14074
0.408667 -16208
0.409 -15992
0.409333 -14596
0.409667 -14480
0.41 -11934
0.410333 -5846
0.410667 -873
0.411 3030
0.411333 8403
0.411667 12107
0.412 12685
0.412333 14114
0.412667 16174
0.413 15782
0.413333 14856
0.413667 14515
0.414 11830
0.414333 7866
0.414667 5759
0.415 3896
0.415333 1569
0.415667 1154
0.416 823
0.416333 -2060
0.416667 -4852
0.417 -6716
0.417333 -10232
0.417667 -13296
0.418 -13404
0.418333 -14074
0.418667 -16208
0.419 -15992
0.419333 -14596
0.419667 -14480
0.42 -11934
0.420333 -5846
0.420667 -873
0.421 3030
0.421333 8403
0.421667 12107
0.422 12685
0.422333 14114
0.422667 16174
0.423 15782
0.423333 14856
0.423667 14515
0.424 11830
0.424333 7866
0.424667 5759
0.425 3896
0.425333 1569
0.425667 1154
0.426 823
0.426333 -2060
0.426667 -4852
0.427 -6716
0.427333 -10232
0.427667 -13296
0.428 -13404
0.428333 -14074
0.428667 -16208
0.429 -15992
0.429333 -14596
0.429667 -14480
0.43 -11934
0.430333 -5846
0.430667 -873
0.431 3030
0.431333 8403
0.431667 12107
0.432 12685
0.432333 14114
0.432667 16174
0.433 15782
0.433333 14856
0.433667 14515
0.434 11830
0.434333 7866
0.434667 5759
0.435 3896
0.435333 1569
0.435667 1154
0.436 823
0.436333 -2060
0.436667 -4852
0.437 -6716
0.437333 -10232
0.437667 -13296
0.438 -13404
0.438333 -14074
0.438667 -16208
0.439 -15992
0.439333 -14596
0.439667 -14480
0.44 -11934
0.440333 -5846
0.440667 -873
0.441 3030
0.441333 8403
0.441667 12107
0.442 12685
0.442333 14114
0.442667 16174
0.443 15782
0.443333 14856
0.443667 14515
0.444 11830
0.444333 7866
0.444667 5759
0.445 3896
0.445333 1569
0.445667 1154
0.446 823
0.446333 -2060
0.446667 -4852
0.447 -6716
0.447333 -10232
0.447667 -13296
0.448 -13404
0.448333 -14074
0.448667 -16208
0.449 -15992
0.449333 -14596
0.449667 -14480
0.45 -11934
0.450333 -5846
0.450667 -873
0.451 3030
0.451333 8403
0.451667 12107
0.452 12685
0.452333 14114
0.452667 16174
0.453 15782
0.453333 14856
0.453667 14515
0.454 11830
0.454333 7866
0.454667 5759
0.455 3896
0.455333 1569
0.455667 1154
0.456 823
0.456333 -2060
0.456667 -4852
0.457 -6716
0.457333 -10232
0.457667 -13296
0.458 -13404
0.458333 -14074
0.458667 -16208
0.459 -15992
0.459333 -14596
0.459667 -14480
0.46 -11934
0.460333 -5846
0.460667 -873
0.461 3030
0.461333 8403
0.461667 12107
0.462 12685
0.462333 14114
0.462667 16174
0.463 15782
0.463333 14856
0.463667 14515
0.464 11830
0.464333 7866
0.464667 5759
0.465 3896
0.465333 1569
0.465667 1154
0.466 823
0.466333 -2060
0.466667 -4852
0.467 -6716
0.467333 -10232
0.467667 -13296
0.468 -13404
0.468333 -14074
0.468667 -16208
0.469 -15992
0.469333 -14596
0.469667 -14480
0.47 -11934
0.470333 -5846
0.470667 -873
0.471 3030
0.471333 8403
0.471667 12107
0.472 12685
0.472333 14114
0.472667 16174
0.473 15782
0.473333 14856
0.473667 14515
0.474 11830
0.474333 7866
0.474667 5759
0.475 3896
0.475333 1569
0.475667 1154
0.476 823
0.476333 -2060
0.476667 -4852
0.477 -6716
0.477333 -10232
0.477667 -13296
0.478 -13404
0.478333 -14074
0.478667 -16208
0.479 -15992
0.479333 -14596
0.479667 -14480
0.48 -11934
0.480333 -5846
0.480667 -873
0.481 3030
0.481333 8403
0.481667 12107
0.482 12685
0.482333 14114
0.482667 16174
0.483 15782
0.483333 14856
0.483667 14515
0.484 11830
0.484333 7866
0.484667 5759
0.485 3896
0.485333 1569
0.485667 1154
0.486 823
0.486333 -2060
0.486667 -4852
0.487 -6716
0.487333 -10232
0.487667 -13296
0.488 -13404
0.488333 -14074
0.488667 -16208
0.489 -15992
0.489333 -14596
0.489667 -14480
0.49 -11934
0.490333 -5846
0.490667 -873
0.491 3030
0.491333 8403
0.491667 12107
0.492 12685
0.492333 14114
0.492667 16174
0.493 15782
0.493333 14856
0.493667 14515
0.494 11830
0.494333 7866
0.494667 5759
0.495 3896
0.495333 1569
0.495667 1154
0.496 823
0.496333 -2060
0.496667 -4852
0.497 -6716
0.497333 -10232
0.497667 -13296
0.498 -13404
0.498333 -14074
0.498667 -16208
0.499 -15992
0.499333 -14596
0.499667 -14480
0.5 -11934
0.500333 -5846
0.500667 -873
0.501 3030
0.501333 8403
0.501667 12107
0.502 12685
0.502333 14114
0.502667 16174
0.503 15782
0.503333 14856
0.503667 14515
0.504 11830
0.504333 7866
0.504667 5759
0.505 3896
0.505333 1569
0.505667 1154
0.506 823
0.506333 -2060
0.506667 -4852
0.507 -6716
0.507333 -10232
0.507667 -13296
0.508 -13404
0.508333 -14074
0.508667 -16208
0.509 -15992
0.509333 -14596
0.509667 -14480
0.51 -11934
0.510333 -5846
0.510667 -873
0.511 3030
0.511333 8403
0.511667 12107
0.512 12685
0.512333 14114
0.512667 16174
0.513 15782
0.513333 14856
0.513667 14515
0.514 11830
0.514333 7866
0.514667 5759
0.515 3896
0.515333 1569
0.515667 1154
0.516 823
0.516333 -2060
0.516667 -4852
0.517 -6716
0.517333 -10232
0.517667 -13296
0.518 -13404
0.518333 -14074
0.518667 -16208
0.519 -15992
0.519333 -14596
0.519667 -14480
0.52 -11934
0.520333 -5846
0.520667 -873
0.521 3030
0.521333 8403
0.521667 12107
0.522 12685
0.522333 14114
0.522667 16174
0.523 15782
0.523333 14856
0.523667 14515
0.524 11830
0.524333 7866
0.524667 5759
0.525 3896
0.525333 1569
0.525667 1154
0.526 823
0.526333 -2060
0.526667 -4852
0.527 -6716
0.527333 -10232
0.527667 -13296
0.528 -13404
0.528333 -14074
0.528667 -16208
0.529 -15992
0.529333 -14596
0.529667 -14480
0.53 -11934
0.530333 -5846
0.530667 -873
0.531 3030
0.531333 8403
0.531667 12107
0.532 12685
0.532333 14114
0.532667 16174
0.533 15782
0.533333 14856
0.533667 14515
0.534 11830
0.534333 7866
0.534667 5759
0.535 3896
0.535333 1569
0.535667 1154
0.536 823
0.536333 -2060
0.536667 -4852
0.537 -6716
0.537333 -10232
0.537667 -13296
0.538 -13404
0.538333 -14074
0.538667 -16208
0.539 -15992
0.539333 -14596
0.539667 -14480
0.54 -11934
0.540333 -5846
0.540667 -873
0.541 3030
0.541333 8403
0.541667 12107
0.542 12685
0.542333 14114
0.542667 16174
0.543 15782
0.543333 14856
0.543667 14515
0.544 11830
0.544333 7866
0.544667 5759
0.545 3896
0.545333 1569
0.545667 1154
0.546 823
0.546333 -2060
0.546667 -4852
0.547 -6716
0.547333 -10232
0.547667 -13296
0.548 -13404
0.548333 -14074
0.548667 -16208
0.549 -15992
0.549333 -14596
0.549667 -14480
0.55 -11934
0.550333 -5846
0.550667 -873
0.551 3030
0.551333 8403
0.551667 12107
0.552 12685
0.552333 14114
0.552667 16174
0.553 15782
0.553333 14856
0.553667 14515
0.554 11830
0.554333 7866
0.554667 5759
0.555 3896
0.555333 1569
0.555667 1154
0.556 823
0.556333 -2060
0.556667 -4852
0.557 -6716
0.557333 -10232
0.557667 -13296
0.558 -13404
0.558333 -14074
0.558667 -16208
0.559 -15992
0.559333 -14596
0.559667 -14480
0.56 -11934
0.560333 -5846
0.560667 -873
0.561 3030
0.561333 8403
0.561667 12107
0.562 12685
0.562333 14114
0.562667 16174
0.563 15782
0.563333 14856
0.563667 14515
0.564 11830
0.564333 7866
0.564667 5759
0.565 3896
0.565333 1569
0.565667 1154
0.566 823
0.566333 -2060
0.566667 -4852
0.567 -6716
0.567333 -10232
0.567667 -13296
0.568 -13404
0.568333 -14074
0.568667 -16208
0.569 -15992
0.569333 -14596
0.569667 -14480
0.57 -11934
0.570333 -5846
0.570667 -873
0.571 3030
0.571333 8403
0.571667 12107
0.572 12685
0.572333 14114
0.572667 16174
0.573 15782
0.573333 14856
0.573667 14515
0.574 11830
0.574333 7866
0.574667 5759
0.575 3896
0.575333 1569
0.575667 1154
0.576 823
0.576333 -2060
0.576667 -4852
0.577 -6716
0.577333 -10232
0.577667 -13296
0.578 -13404
0.578333 -14074
0.578667 -16208
0.579 -15992
0.579333 -14596
0.579667 -14480
0.58 -11934
0.580333 -5846
0.580667 -873
0.581 3030
0.581333 8403
0.581667 12107
0.582 12685
0.582333 14114
0.582667 16174
0.583 15782
0.583333 14856
0.583667 14515
0.584 11830
0.584333 7866
0.584667 5759
0.585 3896
0.585333 1569
0.585667 1154
0.586 823
0.586333 -2060
0.586667 -4852
0.587 -6716
0.587333 -10232
0.587667 -13296
0.588 -13404
0.588333 -14074
0.588667 -16208
0.589 -15992
0.589333 -14596
0.589667 -14480
0.59 -11934
0.590333 -5846
0.590667 -873
0.591 3030
0.591333 8403
0.591667 12107
0.592 12685
0.592333 14114
0.592667 16174
0.593 15782
0.593333 14856
0.593667 14515
0.594 11830
0.594333 7866
0.594667 5759
0.595 3896
0.595333 1569
0.595667 1154
0.596 823
0.596333 -2060
0.596667 -4852
0.597 -6716
0.597333 -10232
0.597667 -13296
0.598 -13404
0.598333 -14074
0.598667 -16208
0.599 -15992
0.599333 -14596
0.599667 -14480
0.6 -11934
0.600333 -5846
0.600667 -873
0.601 3030
0.601333 8403
0.601667 12107
0.602 12685
0.602333 14114
0.602667 16174
0.603 15782
0.603333 14856
0.603667 14515
0.604 11830
0.604333 7866
0.604667 5759
0.605 3896
0.605333 1569
0.605667 1154
0.606 823
0.606333 -2060
0.606667 -4852
0.607 -6716
0.607333 -10232
0.607667 -13296
0.608 -13404
0.608333 -14074
0.608667 -16208
0.609 -15992
0.609333 -14596
0.609667 -14480
0.61 -11934
0.610333 -5846
0.610667 -873
0.611 3030
0.611333 8403
0.611667 12107
0.612 12685
0.612333 14114
0.612667 16174
0.613 15782
0.613333 14856
0.613667 14515
0.614 11830
0.614333 7866
0.614667 5759
0.615 3896
0.615333 1569
0.615667 1154
0.616 823
0.616333 -2060
0.616667 -4852
0.617 -6716
0.617333 -10232
0.617667 -13296
0.618 -13404
0.618333 -14074
0.618667 -16208
0.619 -15992
0.619333 -14596
0.619667 -14480
0.62 -11934
0.620333 -5846
0.620667 -873
0.621 3030
0.621333 8403
0.621667 12107
0.622 12685
0.622333 14114
0.622667 16174
0.623 15782
0.623333 14856
0.623667 14515
0.624 11830
0.624333 7866
0.624667 5759
0.625 3896
0.625333 1569
0.625667 1154
0.626 823
0.626333 -2060
0.626667 -4852
0.627 -6716
0.627333 -10232
0.627667 -13296
0.628 -13404
0.628333 -14074
0.628667 -16208
0.629 -15992
0.629333 -14596
0.629667 -14480
0.63 -11934
0.630333 -5846
0.630667 -873
0.631 3030
0.631333 8403
0.631667 12107
0.632 12685
0.632333 14114
0.632667 16174
0.633 15782
0.633333 14856
0.633667 14515
0.634 11830
0.634333 7866
0.634667 5759
0.635 3896
0.635333 1569
0.635667 1154
0.636 823
0.636333 -2060
0.636667 -4852
0.637 -6716
0.637333 -10232
0.637667 -13296
0.638 -13404
0.638333 -14074
0.638667 -16208
0.639 -15992
0.639333 -14596
0.639667 -14480
0.64 -11934
0.640333 -5846
0.640667 -873
0.641 3030
0.641333 8403
0.641667 12107
0.642 12685
0.642333 14114
0.642667 16174
0.643 15782
0.643333 14856
0.643667 14515
0.644 11830
0.644333 7866
0.644667 5759
0.645 3896
0.645333 1569
0.645667 1154
0.646 823
0.646333 -2060
0.646667 -4852
0.647 -6716
0.647333 -10232
0.647667 -13296
0.648 -13404
0.648333 -14074
0.648667 -16208
0.649 -15992
0.649333 -14596
0.649667 -14480
0.65 -11934
0.650333 -5846
0.650667 -873
0.651 3030
0.651333 8403
0.651667 12107
0.652 12685
0.652333 14114
0.652667 16174
0.653 15782
0.653333 14856
0.653667 14515
0.654 11830
0.654333 7866
0.654667 5759
0.655 3896
0.655333 1569
0.655667 1154
0.656 823
0.656333 -2060
0.656667 -4852
0.657 -6716
0.657333 -10232
0.657667 -13296
0.658 -13404
0.658333 -14074
0.658667 -16208
0.659 -15992
0.659333 -14596
0.659667 -14480
0.66 -11934
0.660333 -5846
0.660667 -873
0.661 3030
0.661333 8403
0.661667 12107
0.662 12685
0.662333 14114
0.662667 16174
0.663 15782
0.663333 14856
0.663667 14515
0.664 11830
0.664333 7866
0.664667 5759
0.665 3896
0.665333 1569
0.665667 1154
0.666 823
0.666333 -2060
0.666667 -4852
0.667 -6716
0.667333 -10232
0.667667 -13296
0.668 -13404
0.668333 -14074
0.668667 -16208
0.669 -15992
0.669333 -14596
0.669667 -14480
0.67 -11934
0.670333 -5846
0.670667 -873
0.671 3030
0.671333 8403
0.671667 12107
0.672 12685
0.672333 14114
0.672667 16174
0.673 15782
0.673333 14856
0.673667 14515
0.674 11830
0.674333 7866
0.674667 5759
0.675 3896
0.675333 1569
0.675667 1154
0.676 823
0.676333 -2060
0.676667 -4852
0.677 -6716
0.677333 -10232
0.677667 -13296
0.678 -13404
0.678333 -14074
0.678667 -16208
0.679 -15992
0.679333 -14596
0.679667 -14480
0.68 -11934
0.680333 -5846
0.680667 -873
0.681 3030
0.681333 8403
0.681667 12107
0.682 12685
0.682333 14114
0.682667 16174
0.683 15782
0.683333 14856
0.683667 14515
0.684 11830
0.684333 7866
0.684667 5759
0.685 3896
0.685333 1569
0.685667 1154
0.686 823
0.686333 -2060
0.686667 -4852
0.687 -6716
0.687333 -10232
0.687667 -13296
0.688 -13404
0.688333 -14074
0.688667 -16208
0.689 -15992
0.689333 -14596
0.689667 -14480
0.69 -11934
0.690333 -5846
0.690667 -873
0.691 3030
0.691333 8403
0.691667 12107
0.692 12685
0.692333 14114
0.692667 16174
0.693 15782
0.693333 14856
0.693667 14515
0.694 11830
0.694333 7866
0.694667 5759
0.695 3896
0.695333 1569
0.695667 1154
0.696 823
0.696333 -2060
0.696667 -4852
0.697 -6716
0.697333 -10232
0.697667 -13296
0.698 -13404
0.698333 -14074
0.698667 -16208
0.699 -15992
0.699333 -14596
0.699667 -14480
0.7 -11934
0.700333 -5846
0.700667 -873
0.701 3030
0.701333 8403
0.701667 12107
0.702 12685
0.702333 14114
0.702667 16174
0.703 15782
0.703333 14856
0.703667 14515
0.704 11830
0.704333 7866
0.704667 5759
0.705 3896
0.705333 1569
0.705667 1154
0.706 823
0.706333 -2060
0.706667 -4852
0.707 -6716
0.707333 -10232
0.707667 -13296
0.708 -13404
0.708333 -14074
0.708667 -16208
0.709 -15992
0.709333 -14596
0.709667 -14480
0.71 -11934
0.710333 -5846
0.710667 -873
0.711 3030
0.711333 8403
0.711667 12107
0.712 12685
0.712333 14114
0.712667 16174
0.713 15782
0.713333 14856
0.713667 14515
0.714 11830
0.714333 7866
0.714667 5759
0.715 3896
0.715333 1569
0.715667 1154
0.716 823
0.716333 -2060
0.716667 -4852
0.717 -6716
0.717333 -10232
0.717667 -13296
0.718 -13404
0.718333 -14074
0.718667 -16208
0.719 -15992
0.719333 -14596
0.719667 -14480
0.72 -11934
0.720333 -5846
0.720667 -873
0.721 3030
0.721333 8403
0.721667 12107
0.722 12685
0.722333 14114
0.722667 16174
0.723 15782
0.723333 14856
0.723667 14515
0.724 11830
0.724333 7866
0.724667 5759
0.725 3896
0.725333 1569
0.725667 1154
0.726 823
0.726333 -2060
0.726667 -4852
0.727 -6716
0.727333 -10232
0.727667 -13296
0.728 -13404
0.728333 -14074
0.728667 -16208
0.729 -15992
0.729333 -14596
0.729667 -14480
0.73 -11934
0.730333 -5846
0.730667 -873
0.731 3030
0.731333 8403
0.731667 12107
0.732 12685
0.732333 14114
0.732667 16174
0.733 15782
0.733333 14856
0.733667 14515
0.734 11830
0.734333 7866
0.734667 5759
0.735 3896
0.735333 1569
0.735667 1154
0.736 823
0.736333 -2060
0.736667 -4852
0.737 -6716
0.737333 -10232
0.737667 -13296
0.738 -13404
0.738333 -14074
0.738667 -16208
0.739 -15992
0.739333 -14596
0.739667 -14480
0.74 -11934
0.740333 -5846
0.740667 -873
0.741 3030
0.741333 8403
0.741667 12107
0.742 12685
0.742333 14114
0.742667 16174
0.743 15782
0.743333 14856
0.743667 14515
0.744 11830
0.744333 7866
0.744667 5759
0.745 3896
0.745333 1569
0.745667 1154
0.746 823
0.746333 -2060
0.746667 -4852
0.747 -6716
0.747333 -10232
0.747667 -13296
0.748 -13404
0.748333 -14074
0.748667 -16208
0.749 -15992
0.749333 -14596
0.749667 -14480
0.75 -11934
0.750333 -5846
0.750667 -873
0.751 3030
0.751333 8403
0.751667 12107
0.752 12685
0.752333 14114
0.752667 16174
0.753 15782
0.753333 14856
0.753667 14515
0.754 11830
0.754333 7866
0.754667 5759
0.755 3896
0.755333 1569
0.755667 1154
0.756 823
0.756333 -2060
0.756667 -4852
0.757 -6716
0.757333 -10232
0.757667 -13296
0.758 -13404
0.758333 -14074
0.758667 -16208
0.759 -15992
0.759333 -14596
0.759667 -14480
0.76 -11934
0.760333 -5846
0.760667 -873
0.761 3030
0.761333 8403
0.761667 12107
0.762 12685
0.762333 14114
0.762667 16174
0.763 15782
0.763333 14856
0.763667 14515
0.764 11830
0.764333 7866
0.764667 5759
0.765 3896
0.765333 1569
0.765667 1154
0.766 823
0.766333 -2060
0.766667 -4852
0.767 -6716
0.767333 -10232
0.767667 -13296
0.768 -13404
0.768333 -14074
0.768667 -16208
0.769 -15992
0.769333 -14596
0.769667 -14480
0.77 -11934
0.770333 -5846
0.770667 -873
0.771 3030
0.771333 8403
0.771667 12107
0.772 12685
0.772333 14114
0.772667 16174
0.773 15782
0.773333 14856
0.773667 14515
0.774 11830
0.774333 7866
0.774667 5759
0.775 3896
0.775333 1569
0.775667 1154
0.776 823
0.776333 -2060
0.776667 -4852
0.777 -6716
0.777333 -10232
0.777667 -13296
0.778 -13404
0.778333 -14074
0.778667 -16208
0.779 -15992
0.779333 -14596
0.779667 -14480
0.78 -11934
0.780333 -5846
0.780667 -873
0.781 3030
0.781333 8403
0.781667 12107
0.782 12685
0.782333 14114
0.782667 16174
0.783 15782
0.783333 14856
0.783667 14515
0.784 11830
0.784333 7866
0.784667 5759
0.785 3896
0.785333 1569
0.785667 1154
0.786 823
0.786333 -2060
0.786667 -4852
0.787 -6716
0.787333 -10232
0.787667 -13296
0.788 -13404
0.788333 -14074
0.788667 -16208
0.789 -15992
0.789333 -14596
0.789667 -14480
0.79 -11934
0.790333 -5846
0.790667 -873
0.791 3030
0.791333 8403
0.791667 12107
0.792 12685
0.792333 14114
0.792667 16174
0.793 15782
0.793333 14856
0.793667 14515
0.794 11830
0.794333 7866
0.794667 5759
0.795 3896
0.795333 1569
0.795667 1154
0.796 823
0.796333 -2060
0.796667 -4852
0.797 -6716
0.797333 -10232
0.797667 -13296
0.798 -13404
0.798333 -14074
0.798667 -16208
0.799 -15992
0.799333 -14596
0.799667 -14480
0.8 -11934
0.800333 -5846
0.800667 -873
0.801 3030
0.801333 8403
0.801667 12107
0.802 12685
0.802333 14114
0.802667 16174
0.803 15782
0.803333 14856
0.803667 14515
0.804 11830
0.804333 7866
0.804667 5759
0.805 3896
0.805333 1569
0.805667 1154
0.806 823
0.806333 -2060
0.806667 -4852
0.807 -6716
0.807333 -10232
0.807667 -13296
0.808 -13404
0.808333 -14074
0.808667 -16208
0.809 -15992
0.809333 -14596
0.809667 -14480
0.81 -11934
0.810333 -5846
0.810667 -873
0.811 3030
0.811333 8403
0.811667 12107
0.812 12685
0.812333 14114
0.812667 16174
0.813 15782
0.813333 14856
0.813667 14515
0.814 11830
0.814333 7866
0.814667 5759
0.815 3896
0.815333 1569
0.815667 1154
0.816 823
0.816333 -2060
0.816667 -4852
0.817 -6716
0.817333 -10232
0.817667 -13296
0.818 -13404
0.818333 -14074
0.818667 -16208
0.819 -15992
0.819333 -14596
0.819667 -14480
0.82 -11934
0.820333 -5846
0.820667 -873
0.821 3030
0.821333 8403
0.821667 12107
0.822 12685
0.822333 14114
0.822667 16174
0.823 15782
0.823333 14856
0.823667 14515
0.824 11830
0.824333 7866
0.824667 5759
0.825 3896
0.825333 1569
0.825667 1154
0.826 823
0.826333 -2060
0.826667 -4852
0.827 -6716
0.827333 -10232
0.827667 -13296
0.828 -13404
0.828333 -14074
0.828667 -16208
0.829 -15992
0.829333 -14596
0.829667 -14480
0.83 -11934
0.830333 -5846
0.830667 -873
0.831 3030
0.831333 8403
0.831667 12107
0.832 12685
0.832333 14114
0.832667 16174
0.833 15782
0.833333 14856
0.833667 14515
0.834 11830
0.834333 7866
0.834667 5759
0.835 3896
0.835333 1569
0.835667 1154
0.836 823
0.836333 -2060
0.836667 -4852
0.837 -6716
0.837333 -10232
0.837667 -13296
0.838 -13404
0.838333 -14074
0.838667 -16208
0.839 -15992
0.839333 -14596
0.839667 -14480
0.84 -11934
0.840333 -5846
0.840667 -873
0.841 3030
0.841333 8403
0.841667 12107
0.842 12685
0.842333 14114
0.842667 16174
0.843 15782
0.843333 14856
0.843667 14515
0.844 11830
0.844333 7866
0.844667 5759
0.845 3896
0.845333 1569
0.845667 1154
0.846 823
0.846333 -2060
0.846667 -4852
0.847 -6716
0.847333 -10232
0.847667 -13296
0.848 -13404
0.848333 -14074
0.848667 -16208
0.849 -15992
0.849333 -14596
0.849667 -14480
0.85 -11934
0.850333 -5846
0.850667 -873
0.851 3030
0.851333 8403
0.851667 12107
0.852 12685
0.852333 14114
0.852667 16174
0.853 15782
0.853333 14856
0.853667 14515
0.854 11830
0.854333 7866
0.854667 5759
0.855 3896
0.855333 1569
0.855667 1154
0.856 823
0.856333 -2060
0.856667 -4852
0.857 -6716
0.857333 -10232
0.857667 -13296
0.858 -13404
0.858333 -14074
0.858667 -16208
0.859 -15992
0.859333 -14596
0.859667 -14480
0.86 -11934
0.860333 -5846
0.860667 -873
0.861 3030
0.861333 8403
0.861667 12107
0.862 12685
0.862333 14114
0.862667 16174
0.863 15782
0.863333 14856
0.863667 14515
0.864 11830
0.864333 7866
0.864667 5759
0.865 3896
0.865333 1569
0.865667 1154
0.866 823
0.866333 -2060
0.866667 -4852
0.867 -6716
0.867333 -10232
0.867667 -13296
0.868 -13404
0.868333 -14074
0.868667 -16208
0.869 -15992
0.869333 -14596
0.869667 -14480
0.87 -11934
0.870333 -5846
0.870667 -873
0.871 3030
0.871333 8403
0.871667 12107
0.872 12685
0.872333 14114
0.872667 16174
0.873 15782
0.873333 14856
0.873667 14515
0.874 11830
0.874333 7866
0.874667 5759
0.875 3896
0.875333 1569
0.875667 1154
0.876 823
0.876333 -2060
0.876667 -4852
0.877 -6716
0.877333 -10232
0.877667 -13296
0.878 -13404
0.878333 -14074
0.878667 -16208
0.879 -15992
0.879333 -14596
0.879667 -14480
0.88 -11934
0.880333 -5846
0.880667 -873
0.881 3030
0.881333 8403
0.881667 12107
0.882 12685
0.882333 14114
0.882667 16174
0.883 15782
0.883333 14856
0.883667 14515
0.884 11830
0.884333 7866
0.884667 5759
0.885 3896
0.885333 1569
0.885667 1154
0.886 823
0.886333 -2060
0.886667 -4852
0.887 -6716
0.887333 -10232
0.887667 -13296
0.888 -13404
0.888333 -14074
0.888667 -16208
0.889 -15992
0.889333 -14596
0.889667 -14480
0.89 -11934
0.890333 -5846
0.890667 -873
0.891 3030
0.891333 8403
0.891667 12107
0.892 12685
0.892333 14114
0.892667 16174
0.893 15782
0.893333 14856
0.893667 14515
0.894 11830
0.894333 7866
0.894667 5759
0.895 3896
0.895333 1569
0.895667 1154
0.896 823
0.896333 -2060
0.896667 -4852
0.897 -6716
0.897333 -10232
0.897667 -13296
0.898 -13404
0.898333 -14074
0.898667 -16208
0.899 -15992
0.899333 -14596
0.899667 -14480
0.9 -11934
0.900333 -5846
0.900667 -873
0.901 3030
0.901333 8403
0.901667 12107
0.902 12685
0.902333 14114
0.902667 16174
0.903 15782
0.903333 14856
0.903667 14515
0.904 11830
0.904333 7866
0.904667 5759
0.905 3896
0.905333 1569
0.905667 1154
0.906 823
0.906333 -2060
0.906667 -4852
0.907 -6716
0.907333 -10232
0.907667 -13296
0.908 -13404
0.908333 -14074
0.908667 -16208
0.909 -15992
0.909333 -14596
0.909667 -14480
0.91 -11934
0.910333 -5846
0.910667 -873
0.911 3030
0.911333 8403
0.911667 12107
0.912 12685
0.912333 14114
0.912667 16174
0.913 15782
0.913333 14856
0.913667 14515
0.914 11830
0.914333 7866
0.914667 5759
0.915 3896
0.915333 1569
0.915667 1154
0.916 823
0.916333 -2060
0.916667 -4852
0.917 -6716
0.917333 -10232
0.917667 -13296
0.918 -13404
0.918333 -14074
0.918667 -16208
0.919 -15992
0.919333 -14596
0.919667 -14480
0.92 -11934
0.920333 -5846
0.920667 -873
0.921 3030
0.921333 8403
0.921667 12107
0.922 12685
0.922333 14114
0.922667 16174
0.923 15782
0.923333 14856
0.923667 14515
0.924 11830
0.924333 7866
0.924667 5759
0.925 3896
0.925333 1569
0.925667 1154
0.926 823
0.926333 -2060
0.926667 -4852
0.927 -6716
0.927333 -10232
0.927667 -13296
0.928 -13404
0.928333 -14074
0.928667 -16208
0.929 -15992
0.929333 -14596
0.929667 -14480
0.93 -11934
0.930333 -5846
0.930667 -873
0.931 3030
0.931333 8403
0.931667 12107
0.932 12685
0.932333 14114
0.932667 16174
0.933 15782
0.933333 14856
0.933667 14515
0.934 11830
0.934333 7866
0.934667 5759
0.935 3896
0.935333 1569
0.935667 1154
0.936 823
0.936333 -2060
0.936667 -4852
0.937 -6716
0.937333 -10232
0.937667 -13296
0.938 -13404
0.938333 -14074
0.938667 -16208
0.939 -15992
0.939333 -14596
0.939667 -14480
0.94 -11934
0.940333 -5846
0.940667 -873
0.941 3030
0.941333 8403
0.941667 12107
0.942 12685
0.942333 14114
0.942667 16174
0.943 15782
0.943333 14856
0.943667 14515
0.944 11830
0.944333 7866
0.944667 5759
0.945 3896
0.945333 1569
0.945667 1154
0.946 823
0.946333 -2060
0.946667 -4852
0.947 -6716
0.947333 -10232
0.947667 -13296
0.948 -13404
0.948333 -14074
0.948667 -16208
0.949 -15992
0.949333 -14596
0.949667 -14480
0.95 -11934
0.950333 -5846
0.950667 -873
0.951 3030
0.951333 8403
0.951667 12107
0.952 12685
0.952333 14114
0.952667 16174
0.953 15782
0.953333 14856
0.953667 14515
0.954 11830
0.954333 7866
0.954667 5759
0.955 3896
0.955333 1569
0.955667 1154
0.956 823
0.956333 -2060
0.956667 -4852
0.957 -6716
0.957333 -10232
0.957667 -13296
0.958 -13404
0.958333 -14074
0.958667 -16208
0.959 -15992
0.959333 -14596
0.959667 -14480
0.96 -11934
0.960333 -5846
0.960667 -873
0.961 3030
0.961333 8403
0.961667 12107
0.962 12685
0.962333 14114
0.962667 16174
0.963 15782
0.963333 14856
0.963667 14515
0.964 11830
0.964333 7866
0.964667 5759
0.965 3896
0.965333 1569
0.965667 1154
0.966 823
0.966333 -2060
0.966667 -4852
0.967 -6716
0.967333 -10232
0.967667 -13296
0.968 -13404
0.968333 -14074
0.968667 -16208
0.969 -15992
0.969333 -14596
0.969667 -14480
0.97 -11934
0.970333 -5846
0.970667 -873
0.971 3030
0.971333 8403
0.971667 12107
0.972 12685
0.972333 14114
0.972667 16174
0.973 15782
0.973333 14856
0.973667 14515
0.974 11830
0.974333 7866
0.974667 5759
0.975 3896
0.975333 1569
0.975667 1154
0.976 823
0.976333 -2060
0.976667 -4852
0.977 -6716
0.977333 -10232
0.977667 -13296
0.978 -13404
0.978333 -14074
0.978667 -16208
0.979 -15992
0.979333 -14596
0.979667 -14480
0.98 -11934
0.980333 -5846
0.980667 -873
0.981 3030
0.981333 8403
0.981667 12107
0.982 12685
0.982333 14114
0.982667 16174
0.983 15782
0.983333 14856
0.983667 14515
0.984 11830
0.984333 7866
0.984667 5759
0.985 3896
0.985333 1569
0.985667 1154
0.986 823
0.986333 -2060
0.986667 -4852
0.987 -6716
0.987333 -10232
0.987667 -13296
0.988 -13404
0.988333 -14074
0.988667 -16208
0.989 -15992
0.989333 -14596
0.989667 -14480
0.99 -11934
0.990333 -5846
0.990667 -873
0.991 3030
0.991333 8403
0.991667 12107
0.992 12685
0.992333 14114
0.992667 16174
0.993 15782
0.993333 14856
0.993667 14515
0.994 11830
0.994333 7866
0.994667 5759
0.995 3896
0.995333 1569
0.995667 1154
0.996 823
0.996333 -2060
0.996667 -4852
0.997 -6716
0.997333 -10232
0.997667 -13296
0.998 -13404
0.998333 -14074
0.998667 -16208
0.999 -15992
0.999333 -14596
0.999667 -14480
