0 0
0.000333333 17261
0.000666667 -4699
0.001 -2668
0.00133333 12174
0.00166667 -6600
0.002 -15817
0.00233333 6516
0.00266667 4680
0.003 -13598
0.00333333 -2763
0.00366667 3554
0.004 -13514
0.00433333 -7398
0.00466667 10752
0.005 1393
0.00533333 -2709
0.00566667 11057
0.006 477
0.00633333 -14794
0.00666667 523
0.007 5378
0.00733333 -9575
0.00766667 2625
0.008 17126
0.00833333 -3254
0.00866667 -8485
0.009 13617
0.00933333 6837
0.00966667 -7416
0.01 14086
0.0103333 20526
0.0106667 -6465
0.011 -6201
0.0113333 8521
0.0116667 -9672
0.012 -18118
0.0123333 4929
0.0126667 3660
0.013 -14207
0.0133333 -3097
0.0136667 3391
0.014 -13581
0.0143333 -7411
0.0146667 10764
0.015 1414
0.0153333 -2688
0.0156667 11075
0.016 487
0.0163333 -14787
0.0166667 527
0.017 5379
0.0173333 -9574
0.0176667 2624
0.018 17126
0.0183333 -3254
0.0186667 -8485
0.019 13617
0.0193333 6838
0.0196667 -7417
0.02 14085
0.0203333 20525
0.0206667 -6464
0.021 -6201
0.0213333 8521
0.0216667 -9672
0.022 -18118
0.0223333 4929
0.0226667 3660
0.023 -14207
0.0233333 -3097
0.0236667 3391
0.024 -13581
0.0243333 -7411
0.0246667 10764
0.025 1414
0.0253333 -2688
0.0256667 11075
0.026 487
0.0263333 -14787
0.0266667 527
0.027 5379
0.0273333 -9574
0.0276667 2624
0.028 17126
0.0283333 -3254
0.0286667 -8485
0.029 13617
0.0293333 6838
0.0296667 -7417
0.03 14085
0.0303333 20525
0.0306667 -6464
0.031 -6201
0.0313333 8521
0.0316667 -9672
0.032 -18118
0.0323333 4929
0.0326667 3660
0.033 -14207
0.0333333 -3097
0.0336667 3391
0.034 -13581
0.0343333 -7411
0.0346667 10764
0.035 1414
0.0353333 -2688
0.0356667 11075
0.036 487
0.0363333 -14787
0.0366667 527
0.037 5379
0.0373333 -9574
0.0376667 2624
0.038 17126
0.0383333 -3254
0.0386667 -8485
0.039 13617
0.0393333 6838
0.0396667 -7417
0.04 14085
0.0403333 20525
0.0406667 -6464
0.041 -6201
0.0413333 8521
0.0416667 -9672
0.042 -18118
0.0423333 4929
0.0426667 3660
0.043 -14207
0.0433333 -3097
0.0436667 3391
0.044 -13581
0.0443333 -7411
0.0446667 10764
0.045 1414
0.0453333 -2688
0.0456667 11075
0.046 487
0.0463333 -14787
0.0466667 527
0.047 5379
0.0473333 -9574
0.0476667 2624
0.048 17126
0.0483333 -3254
0.0486667 -8485
0.049 13617
0.0493333 6838
0.0496667 -7417
0.05 14085
0.0503333 20525
0.0506667 -6464
0.051 -6201
0.0513333 8521
0.0516667 -9672
0.052 -18118
0.0523333 4929
0.0526667 3660
0.053 -14207
0.0533333 -3097
0.0536667 3391
0.054 -13581
0.0543333 -7411
0.0546667 10764
0.055 1414
0.0553333 -2688
0.0556667 11075
0.056 487
0.0563333 -14787
0.0566667 527
0.057 5379
0.0573333 -9574
0.0576667 2624
0.058 17126
0.0583333 -3254
0.0586667 -8485
0.059 13617
0.0593333 6838
0.0596667 -7417
0.06 14085
0.0603333 20525
0.0606667 -6464
0.061 -6201
0.0613333 8521
0.0616667 -9672
0.062 -18118
0.0623333 4929
0.0626667 3660
0.063 -14207
0.0633333 -3097
0.0636667 3391
0.064 -13581
0.0643333 -7411
0.0646667 10764
0.065 1414
0.0653333 -2688
0.0656667 11075
0.066 487
0.0663333 -14787
0.0666667 527
0.067 5379
0.0673333 -9574
0.0676667 2624
0.068 17126
0.0683333 -3254
0.0686667 -8485
0.069 13617
0.0693333 6838
0.0696667 -7417
0.07 14085
0.0703333 20525
0.0706667 -6464
0.071 -6201
0.0713333 8521
0.0716667 -9672
0.072 -18118
0.0723333 4929
0.0726667 3660
0.073 -14207
0.0733333 -3097
0.0736667 3391
0.074 -13581
0.0743333 -7411
0.0746667 10764
0.075 1414
0.0753333 -2688
0.0756667 11075
0.076 487
0.0763333 -14787
0.0766667 527
0.077 5379
0.0773333 -9574
0.0776667 2624
0.078 17126
0.0783333 -3254
0.0786667 -8485
0.079 13617
0.0793333 6838
0.0796667 -7417
0.08 14085
0.0803333 20525
0.0806667 -6464
0.081 -6201
0.0813333 8521
0.0816667 -9672
0.082 -18118
0.0823333 4929
0.0826667 3660
0.083 -14207
0.0833333 -3097
0.0836667 3391
0.084 -13581
0.0843333 -7411
0.0846667 10764
0.085 1414
0.0853333 -2688
0.0856667 11075
0.086 487
0.0863333 -14787
0.0866667 527
0.087 5379
0.0873333 -9574
0.0876667 2624
0.088 17126
0.0883333 -3254
0.0886667 -8485
0.089 13617
0.0893333 6838
0.0896667 -7417
0.09 14085
0.0903333 20525
0.0906667 -6464
0.091 -6201
0.0913333 8521
0.0916667 -9672
0.092 -18118
0.0923333 4929
0.0926667 3660
0.093 -14207
0.0933333 -3097
0.0936667 3391
0.094 -13581
0.0943333 -7411
0.0946667 10764
0.095 1414
0.0953333 -2688
0.0956667 11075
0.096 487
0.0963333 -14787
0.0966667 527
0.097 5379
0.0973333 -9574
0.0976667 2624
0.098 17126
0.0983333 -3254
0.0986667 -8485
0.099 13617
0.0993333 6838
0.0996667 -7417
0.1 14085
0.100333 20525
0.100667 -6464
0.101 -6201
0.101333 8521
0.101667 -9672
0.102 -18118
0.102333 4929
0.102667 3660
0.103 -14207
0.103333 -3097
0.103667 3391
0.104 -13581
0.104333 -7411
0.104667 10764
0.105 1414
0.105333 -2688
0.105667 11075
0.106 487
0.106333 -14787
0.106667 527
0.107 5379
0.107333 -9574
0.107667 2624
0.108 17126
0.108333 -3254
0.108667 -8485
0.109 13617
0.109333 6838
0.109667 -7417
0.11 14085
0.110333 20525
0.110667 -6464
0.111 -6201
0.111333 8521
0.111667 -9672
0.112 -18118
0.112333 4929
0.112667 3660
0.113 -14207
0.113333 -3097
0.113667 3391
0.114 -13581
0.114333 -7411
0.114667 10764
0.115 1414
0.115333 -2688
0.115667 11075
0.116 487
0.116333 -14787
0.116667 527
0.117 5379
0.117333 -9574
0.117667 2624
0.118 17126
0.118333 -3254
0.118667 -8485
0.119 13617
0.119333 6838
0.119667 -7417
0.12 14085
0.120333 20525
0.120667 -6464
0.121 -6201
0.121333 8521
0.121667 -9672
0.122 -18118
0.122333 4929
0.122667 3660
0.123 -14207
0.123333 -3097
0.123667 3391
0.124 -13581
0.124333 -7411
0.124667 10764
0.125 1414
0.125333 -2688
0.125667 11075
0.126 487
0.126333 -14787
0.126667 527
0.127 5379
0.127333 -9574
0.127667 2624
0.128 17126
0.128333 -3254
0.128667 -8485
0.129 13617
0.129333 6838
0.129667 -7417
0.13 14085
0.130333 20525
0.130667 -6464
0.131 -6201
0.131333 8521
0.131667 -9672
0.132 -18118
0.132333 4929
0.132667 3660
0.133 -14207
0.133333 -3097
0.133667 3391
0.134 -13581
0.134333 -7411
0.134667 10764
0.135 1414
0.135333 -2688
0.135667 11075
0.136 487
0.136333 -14787
0.136667 527
0.137 5379
0.137333 -9574
0.137667 2624
0.138 17126
0.138333 -3254
0.138667 -8485
0.139 13617
0.139333 6838
0.139667 -7417
0.14 14085
0.140333 20525
0.140667 -6464
0.141 -6201
0.141333 8521
0.141667 -9672
0.142 -18118
0.142333 4929
0.142667 3660
0.143 -14207
0.143333 -3097
0.143667 3391
0.144 -13581
0.144333 -7411
0.144667 10764
0.145 1414
0.145333 -2688
0.145667 11075
0.146 487
0.146333 -14787
0.146667 527
0.147 5379
0.147333 -9574
0.147667 2624
0.148 17126
0.148333 -3254
0.148667 -8485
0.149 13617
0.149333 6838
0.149667 -7417
0.15 14085
0.150333 20525
0.150667 -6464
0.151 -6201
0.151333 8521
0.151667 -9672
0.152 -18118
0.152333 4929
0.152667 3660
0.153 -14207
0.153333 -3097
0.153667 3391
0.154 -13581
0.154333 -7411
0.154667 10764
0.155 1414
0.155333 -2688
0.155667 11075
0.156 487
0.156333 -14787
0.156667 527
0.157 5379
0.157333 -9574
0.157667 2624
0.158 17126
0.158333 -3254
0.158667 -8485
0.159 13617
0.159333 6838
0.159667 -7417
0.16 14085
0.160333 20525
0.160667 -6464
0.161 -6201
0.161333 8521
0.161667 -9672
0.162 -18118
0.162333 4929
0.162667 3660
0.163 -14207
0.163333 -3097
0.163667 3391
0.164 -13581
0.164333 -7411
0.164667 10764
0.165 1414
0.165333 -2688
0.165667 11075
0.166 487
0.166333 -14787
0.166667 527
0.167 5379
0.167333 -9574
0.167667 2624
0.168 17126
0.168333 -3254
0.168667 -8485
0.169 13617
0.169333 6838
0.169667 -7417
0.17 14085
0.170333 20525
0.170667 -6464
0.171 -6201
0.171333 8521
0.171667 -9672
0.172 -18118
0.172333 4929
0.172667 3660
0.173 -14207
0.173333 -3097
0.173667 3391
0.174 -13581
0.174333 -7411
0.174667 10764
0.175 1414
0.175333 -2688
0.175667 11075
0.176 487
0.176333 -14787
0.176667 527
0.177 5379
0.177333 -9574
0.177667 2624
0.178 17126
0.178333 -3254
0.178667 -8485
0.179 13617
0.179333 6838
0.179667 -7417
0.18 14085
0.180333 20525
0.180667 -6464
0.181 -6201
0.181333 8521
0.181667 -9672
0.182 -18118
0.182333 4929
0.182667 3660
0.183 -14207
0.183333 -3097
0.183667 3391
0.184 -13581
0.184333 -7411
0.184667 10764
0.185 1414
0.185333 -2688
0.185667 11075
0.186 487
0.186333 -14787
0.186667 527
0.187 5379
0.187333 -9574
0.187667 2624
0.188 17126
0.188333 -3254
0.188667 -8485
0.189 13617
0.189333 6838
0.189667 -7417
0.19 14085
0.190333 20525
0.190667 -6464
0.191 -6201
0.191333 8521
0.191667 -9672
0.192 -18118
0.192333 4929
0.192667 3660
0.193 -14207
0.193333 -3097
0.193667 3391
0.194 -13581
0.194333 -7411
0.194667 10764
0.195 1414
0.195333 -2688
0.195667 11075
0.196 487
0.196333 -14787
0.196667 527
0.197 5379
0.197333 -9574
0.197667 2624
0.198 17126
0.198333 -3254
0.198667 -8485
0.199 13617
0.199333 6838
0.199667 -7417
0.2 14085
0.200333 20525
0.200667 -6464
0.201 -6201
0.201333 8521
0.201667 -9672
0.202 -18118
0.202333 4929
0.202667 3660
0.203 -14207
0.203333 -3097
0.203667 3391
0.204 -13581
0.204333 -7411
0.204667 10764
0.205 1414
0.205333 -2688
0.205667 11075
0.206 487
0.206333 -14787
0.206667 527
0.207 5379
0.207333 -9574
0.207667 2624
0.208 17126
0.208333 -3254
0.208667 -8485
0.209 13617
0.209333 6838
0.209667 -7417
0.21 14085
0.210333 20525
0.210667 -6464
0.211 -6201
0.211333 8521
0.211667 -9672
0.212 -18118
0.212333 4929
0.212667 3660
0.213 -14207
0.213333 -3097
0.213667 3391
0.214 -13581
0.214333 -7411
0.214667 10764
0.215 1414
0.215333 -2688
0.215667 11075
0.216 487
0.216333 -14787
0.216667 527
0.217 5379
0.217333 -9574
0.217667 2624
0.218 17126
0.218333 -3254
0.218667 -8485
0.219 13617
0.219333 6838
0.219667 -7417
0.22 14085
0.220333 20525
0.220667 -6464
0.221 -6201
0.221333 8521
0.221667 -9672
0.222 -18118
0.222333 4929
0.222667 3660
0.223 -14207
0.223333 -3097
0.223667 3391
0.224 -13581
0.224333 -7411
0.224667 10764
0.225 1414
0.225333 -2688
0.225667 11075
0.226 487
0.226333 -14787
0.226667 527
0.227 5379
0.227333 -9574
0.227667 2624
0.228 17126
0.228333 -3254
0.228667 -8485
0.229 13617
0.229333 6838
0.229667 -7417
0.23 14085
0.230333 20525
0.230667 -6464
0.231 -6201
0.231333 8521
0.231667 -9672
0.232 -18118
0.232333 4929
0.232667 3660
0.233 -14207
0.233333 -3097
0.233667 3391
0.234 -13581
0.234333 -7411
0.234667 10764
0.235 1414
0.235333 -2688
0.235667 11075
0.236 487
0.236333 -14787
0.236667 527
0.237 5379
0.237333 -9574
0.237667 2624
0.238 17126
0.238333 -3254
0.238667 -8485
0.239 13617
0.239333 6838
0.239667 -7417
0.24 14085
0.240333 20525
0.240667 -6464
0.241 -6201
0.241333 8521
0.241667 -9672
0.242 -18118
0.242333 4929
0.242667 3660
0.243 -14207
0.243333 -3097
0.243667 3391
0.244 -13581
0.244333 -7411
0.244667 10764
0.245 1414
0.245333 -2688
0.245667 11075
0.246 487
0.246333 -14787
0.246667 527
0.247 5379
0.247333 -9574
0.247667 2624
0.248 17126
0.248333 -3254
0.248667 -8485
0.249 13617
0.249333 6838
0.249667 -7417
0.25 14085
0.250333 20525
0.250667 -6464
0.251 -6201
0.251333 8521
0.251667 -9672
0.252 -18118
0.252333 4929
0.252667 3660
0.253 -14207
0.253333 -3097
0.253667 3391
0.254 -13581
0.254333 -7411
0.254667 10764
0.255 1414
0.255333 -2688
0.255667 11075
0.256 487
0.256333 -14787
0.256667 527
0.257 5379
0.257333 -9574
0.257667 2624
0.258 17126
0.258333 -3254
0.258667 -8485
0.259 13617
0.259333 6838
0.259667 -7417
0.26 14085
0.260333 20525
0.260667 -6464
0.261 -6201
0.261333 8521
0.261667 -9672
0.262 -18118
0.262333 4929
0.262667 3660
0.263 -14207
0.263333 -3097
0.263667 3391
0.264 -13581
0.264333 -7411
0.264667 10764
0.265 1414
0.265333 -2688
0.265667 11075
0.266 487
0.266333 -14787
0.266667 527
0.267 5379
0.267333 -9574
0.267667 2624
0.268 17126
0.268333 -3254
0.268667 -8485
0.269 13617
0.269333 6838
0.269667 -7417
0.27 14085
0.270333 20525
0.270667 -6464
0.271 -6201
0.271333 8521
0.271667 -9672
0.272 -18118
0.272333 4929
0.272667 3660
0.273 -14207
0.273333 -3097
0.273667 3391
0.274 -13581
0.274333 -7411
0.274667 10764
0.275 1414
0.275333 -2688
0.275667 11075
0.276 487
0.276333 -14787
0.276667 527
0.277 5379
0.277333 -9574
0.277667 2624
0.278 17126
0.278333 -3254
0.278667 -8485
0.279 13617
0.279333 6838
0.279667 -7417
0.28 14085
0.280333 20525
0.280667 -6464
0.281 -6201
0.281333 8521
0.281667 -9672
0.282 -18118
0.282333 4929
0.282667 3660
0.283 -14207
0.283333 -3097
0.283667 3391
0.284 -13581
0.284333 -7411
0.284667 10764
0.285 1414
0.285333 -2688
0.285667 11075
0.286 487
0.286333 -14787
0.286667 527
0.287 5379
0.287333 -9574
0.287667 2624
0.288 17126
0.288333 -3254
0.288667 -8485
0.289 13617
0.289333 6838
0.289667 -7417
0.29 14085
0.290333 20525
0.290667 -6464
0.291 -6201
0.291333 8521
0.291667 -9672
0.292 -18118
0.292333 4929
0.292667 3660
0.293 -14207
0.293333 -3097
0.293667 3391
0.294 -13581
0.294333 -7411
0.294667 10764
0.295 1414
0.295333 -2688
0.295667 11075
0.296 487
0.296333 -14787
0.296667 527
0.297 5379
0.297333 -9574
0.297667 2624
0.298 17126
0.298333 -3254
0.298667 -8485
0.299 13617
0.299333 6838
0.299667 -7417
0.3 14085
0.300333 20525
0.300667 -6464
0.301 -6201
0.301333 8521
0.301667 -9672
0.302 -18118
0.302333 4929
0.302667 3660
0.303 -14207
0.303333 -3097
0.303667 3391
0.304 -13581
0.304333 -7411
0.304667 10764
0.305 1414
0.305333 -2688
0.305667 11075
0.306 487
0.306333 -14787
0.306667 527
0.307 5379
0.307333 -9574
0.307667 2624
0.308 17126
0.308333 -3254
0.308667 -8485
0.309 13617
0.309333 6838
0.309667 -7417
0.31 14085
0.310333 20525
0.310667 -6464
0.311 -6201
0.311333 8521
0.311667 -9672
0.312 -18118
0.312333 4929
0.312667 3660
0.313 -14207
0.313333 -3097
0.313667 3391
0.314 -13581
0.314333 -7411
0.314667 10764
0.315 1414
0.315333 -2688
0.315667 11075
0.316 487
0.316333 -14787
0.316667 527
0.317 5379
0.317333 -9574
0.317667 2624
0.318 17126
0.318333 -3254
0.318667 -8485
0.319 13617
0.319333 6838
0.319667 -7417
0.32 14085
0.320333 20525
0.320667 -6464
0.321 -6201
0.321333 8521
0.321667 -9672
0.322 -18118
0.322333 4929
0.322667 3660
0.323 -14207
0.323333 -3097
0.323667 3391
0.324 -13581
0.324333 -7411
0.324667 10764
0.325 1414
0.325333 -2688
0.325667 11075
0.326 487
0.326333 -14787
0.326667 527
0.327 5379
0.327333 -9574
0.327667 2624
0.328 17126
0.328333 -3254
0.328667 -8485
0.329 13617
0.329333 6838
0.329667 -7417
0.33 14085
0.330333 20525
0.330667 -6464
0.331 -6201
0.331333 8521
0.331667 -9672
0.332 -18118
0.332333 4929
0.332667 3660
0.333 -14207
0.333333 -3097
0.333667 3391
0.334 -13581
0.334333 -7411
0.334667 10764
0.335 1414
0.335333 -2688
0.335667 11075
0.336 487
0.336333 -14787
0.336667 527
0.337 5379
0.337333 -9574
0.337667 2624
0.338 17126
0.338333 -3254
0.338667 -8485
0.339 13617
0.339333 6838
0.339667 -7417
0.34 14085
0.340333 20525
0.340667 -6464
0.341 -6201
0.341333 8521
0.341667 -9672
0.342 -18118
0.342333 4929
0.342667 3660
0.343 -14207
0.343333 -3097
0.343667 3391
0.344 -13581
0.344333 -7411
0.344667 10764
0.345 1414
0.345333 -2688
0.345667 11075
0.346 487
0.346333 -14787
0.346667 527
0.347 5379
0.347333 -9574
0.347667 2624
0.348 17126
0.348333 -3254
0.348667 -8485
0.349 13617
0.349333 6838
0.349667 -7417
0.35 14085
0.350333 20525
0.350667 -6464
0.351 -6201
0.351333 8521
0.351667 -9672
0.352 -18118
0.352333 4929
0.352667 3660
0.353 -14207
0.353333 -3097
0.353667 3391
0.354 -13581
0.354333 -7411
0.354667 10764
0.355 1414
0.355333 -2688
0.355667 11075
0.356 487
0.356333 -14787
0.356667 527
0.357 5379
0.357333 -9574
0.357667 2624
0.358 17126
0.358333 -3254
0.358667 -8485
0.359 13617
0.359333 6838
0.359667 -7417
0.36 14085
0.360333 20525
0.360667 -6464
0.361 -6201
0.361333 8521
0.361667 -9672
0.362 -18118
0.362333 4929
0.362667 3660
0.363 -14207
0.363333 -3097
0.363667 3391
0.364 -13581
0.364333 -7411
0.364667 10764
0.365 1414
0.365333 -2688
0.365667 11075
0.366 487
0.366333 -14787
0.366667 527
0.367 5379
0.367333 -9574
0.367667 2624
0.368 17126
0.368333 -3254
0.368667 -8485
0.369 13617
0.369333 6838
0.369667 -7417
0.37 14085
0.370333 20525
0.370667 -6464
0.371 -6201
0.371333 8521
0.371667 -9672
0.372 -18118
0.372333 4929
0.372667 3660
0.373 -14207
0.373333 -3097
0.373667 3391
0.374 -13581
0.374333 -7411
0.374667 10764
0.375 1414
0.375333 -2688
0.375667 11075
0.376 487
0.376333 -14787
0.376667 527
0.377 5379
0.377333 -9574
0.377667 2624
0.378 17126
0.378333 -3254
0.378667 -8485
0.379 13617
0.379333 6838
0.379667 -7417
0.38 14085
0.380333 20525
0.380667 -6464
0.381 -6201
0.381333 8521
0.381667 -9672
0.382 -18118
0.382333 4929
0.382667 3660
0.383 -14207
0.383333 -3097
0.383667 3391
0.384 -13581
0.384333 -7411
0.384667 10764
0.385 1414
0.385333 -2688
0.385667 11075
0.386 487
0.386333 -14787
0.386667 527
0.387 5379
0.387333 -9574
0.387667 2624
0.388 17126
0.388333 -3254
0.388667 -8485
0.389 13617
0.389333 6838
0.389667 -7417
0.39 14085
0.390333 20525
0.390667 -6464
0.391 -6201
0.391333 8521
0.391667 -9672
0.392 -18118
0.392333 4929
0.392667 3660
0.393 -14207
0.393333 -3097
0.393667 3391
0.394 -13581
0.394333 -7411
0.394667 10764
0.395 1414
0.395333 -2688
0.395667 11075
0.396 487
0.396333 -14787
0.396667 527
0.397 5379
0.397333 -9574
0.397667 2624
0.398 17126
0.398333 -3254
0.398667 -8485
0.399 13617
0.399333 6838
0.399667 -7417
0.4 14085
0.400333 20525
0.400667 -6464
0.401 -6201
0.401333 8521
0.401667 -9672
0.402 -18118
0.402333 4929
0.402667 3660
0.403 -14207
0.403333 -3097
0.403667 3391
0.404 -13581
0.404333 -7411
0.404667 10764
0.405 1414
0.405333 -2688
0.405667 11075
0.406 487
0.406333 -14787
0.406667 527
0.407 5379
0.407333 -9574
0.407667 2624
0.408 17126
0.408333 -3254
0.408667 -8485
0.409 13617
0.409333 6838
0.409667 -7417
0.41 14085
0.410333 20525
0.410667 -6464
0.411 -6201
0.411333 8521
0.411667 -9672
0.412 -18118
0.412333 4929
0.412667 3660
0.413 -14207
0.413333 -3097
0.413667 3391
0.414 -13581
0.414333 -7411
0.414667 10764
0.415 1414
0.415333 -2688
0.415667 11075
0.416 487
0.416333 -14787
0.416667 527
0.417 5379
0.417333 -9574
0.417667 2624
0.418 17126
0.418333 -3254
0.418667 -8485
0.419 13617
0.419333 6838
0.419667 -7417
0.42 14085
0.420333 20525
0.420667 -6464
0.421 -6201
0.421333 8521
0.421667 -9672
0.422 -18118
0.422333 4929
0.422667 3660
0.423 -14207
0.423333 -3097
0.423667 3391
0.424 -13581
0.424333 -7411
0.424667 10764
0.425 1414
0.425333 -2688
0.425667 11075
0.426 487
0.426333 -14787
0.426667 527
0.427 5379
0.427333 -9574
0.427667 2624
0.428 17126
0.428333 -3254
0.428667 -8485
0.429 13617
0.429333 6838
0.429667 -7417
0.43 14085
0.430333 20525
0.430667 -6464
0.431 -6201
0.431333 8521
0.431667 -9672
0.432 -18118
0.432333 4929
0.432667 3660
0.433 -14207
0.433333 -3097
0.433667 3391
0.434 -13581
0.434333 -7411
0.434667 10764
0.435 1414
0.435333 -2688
0.435667 11075
0.436 487
0.436333 -14787
0.436667 527
0.437 5379
0.437333 -9574
0.437667 2624
0.438 17126
0.438333 -3254
0.438667 -8485
0.439 13617
0.439333 6838
0.439667 -7417
0.44 14085
0.440333 20525
0.440667 -6464
0.441 -6201
0.441333 8521
0.441667 -9672
0.442 -18118
0.442333 4929
0.442667 3660
0.443 -14207
0.443333 -3097
0.443667 3391
0.444 -13581
0.444333 -7411
0.444667 10764
0.445 1414
0.445333 -2688
0.445667 11075
0.446 487
0.446333 -14787
0.446667 527
0.447 5379
0.447333 -9574
0.447667 2624
0.448 17126
0.448333 -3254
0.448667 -8485
0.449 13617
0.449333 6838
0.449667 -7417
0.45 14085
0.450333 20525
0.450667 -6464
0.451 -6201
0.451333 8521
0.451667 -9672
0.452 -18118
0.452333 4929
0.452667 3660
0.453 -14207
0.453333 -3097
0.453667 3391
0.454 -13581
0.454333 -7411
0.454667 10764
0.455 1414
0.455333 -2688
0.455667 11075
0.456 487
0.456333 -14787
0.456667 527
0.457 5379
0.457333 -9574
0.457667 2624
0.458 17126
0.458333 -3254
0.458667 -8485
0.459 13617
0.459333 6838
0.459667 -7417
0.46 14085
0.460333 20525
0.460667 -6464
0.461 -6201
0.461333 8521
0.461667 -9672
0.462 -18118
0.462333 4929
0.462667 3660
0.463 -14207
0.463333 -3097
0.463667 3391
0.464 -13581
0.464333 -7411
0.464667 10764
0.465 1414
0.465333 -2688
0.465667 11075
0.466 487
0.466333 -14787
0.466667 527
0.467 5379
0.467333 -9574
0.467667 2624
0.468 17126
0.468333 -3254
0.468667 -8485
0.469 13617
0.469333 6838
0.469667 -7417
0.47 14085
0.470333 20525
0.470667 -6464
0.471 -6201
0.471333 8521
0.471667 -9672
0.472 -18118
0.472333 4929
0.472667 3660
0.473 -14207
0.473333 -3097
0.473667 3391
0.474 -13581
0.474333 -7411
0.474667 10764
0.475 1414
0.475333 -2688
0.475667 11075
0.476 487
0.476333 -14787
0.476667 527
0.477 5379
0.477333 -9574
0.477667 2624
0.478 17126
0.478333 -3254
0.478667 -8485
0.479 13617
0.479333 6838
0.479667 -7417
0.48 14085
0.480333 20525
0.480667 -6464
0.481 -6201
0.481333 8521
0.481667 -9672
0.482 -18118
0.482333 4929
0.482667 3660
0.483 -14207
0.483333 -3097
0.483667 3391
0.484 -13581
0.484333 -7411
0.484667 10764
0.485 1414
0.485333 -2688
0.485667 11075
0.486 487
0.486333 -14787
0.486667 527
0.487 5379
0.487333 -9574
0.487667 2624
0.488 17126
0.488333 -3254
0.488667 -8485
0.489 13617
0.489333 6838
0.489667 -7417
0.49 14085
0.490333 20525
0.490667 -6464
0.491 -6201
0.491333 8521
0.491667 -9672
0.492 -18118
0.492333 4929
0.492667 3660
0.493 -14207
0.493333 -3097
0.493667 3391
0.494 -13581
0.494333 -7411
0.494667 10764
0.495 1414
0.495333 -2688
0.495667 11075
0.496 487
0.496333 -14787
0.496667 527
0.497 5379
0.497333 -9574
0.497667 2624
0.498 17126
0.498333 -3254
0.498667 -8485
0.499 13617
0.499333 6838
0.499667 -7417
0.5 14085
0.500333 20525
0.500667 -6464
0.501 -6201
0.501333 8521
0.501667 -9672
0.502 -18118
0.502333 4929
0.502667 3660
0.503 -14207
0.503333 -3097
0.503667 3391
0.504 -13581
0.504333 -7411
0.504667 10764
0.505 1414
0.505333 -2688
0.505667 11075
0.506 487
0.506333 -14787
0.506667 527
0.507 5379
0.507333 -9574
0.507667 2624
0.508 17126
0.508333 -3254
0.508667 -8485
0.509 13617
0.509333 6838
0.509667 -7417
0.51 14085
0.510333 20525
0.510667 -6464
0.511 -6201
0.511333 8521
0.511667 -9672
0.512 -18118
0.512333 4929
0.512667 3660
0.513 -14207
0.513333 -3097
0.513667 3391
0.514 -13581
0.514333 -7411
0.514667 10764
0.515 1414
0.515333 -2688
0.515667 11075
0.516 487
0.516333 -14787
0.516667 527
0.517 5379
0.517333 -9574
0.517667 2624
0.518 17126
0.518333 -3254
0.518667 -8485
0.519 13617
0.519333 6838
0.519667 -7417
0.52 14085
0.520333 20525
0.520667 -6464
0.521 -6201
0.521333 8521
0.521667 -9672
0.522 -18118
0.522333 4929
0.522667 3660
0.523 -14207
0.523333 -3097
0.523667 3391
0.524 -13581
0.524333 -7411
0.524667 10764
0.525 1414
0.525333 -2688
0.525667 11075
0.526 487
0.526333 -14787
0.526667 527
0.527 5379
0.527333 -9574
0.527667 2624
0.528 17126
0.528333 -3254
0.528667 -8485
0.529 13617
0.529333 6838
0.529667 -7417
0.53 14085
0.530333 20525
0.530667 -6464
0.531 -6201
0.531333 8521
0.531667 -9672
0.532 -18118
0.532333 4929
0.532667 3660
0.533 -14207
0.533333 -3097
0.533667 3391
0.534 -13581
0.534333 -7411
0.534667 10764
0.535 1414
0.535333 -2688
0.535667 11075
0.536 487
0.536333 -14787
0.536667 527
0.537 5379
0.537333 -9574
0.537667 2624
0.538 17126
0.538333 -3254
0.538667 -8485
0.539 13617
0.539333 6838
0.539667 -7417
0.54 14085
0.540333 20525
0.540667 -6464
0.541 -6201
0.541333 8521
0.541667 -9672
0.542 -18118
0.542333 4929
0.542667 3660
0.543 -14207
0.543333 -3097
0.543667 3391
0.544 -13581
0.544333 -7411
0.544667 10764
0.545 1414
0.545333 -2688
0.545667 11075
0.546 487
0.546333 -14787
0.546667 527
0.547 5379
0.547333 -9574
0.547667 2624
0.548 17126
0.548333 -3254
0.548667 -8485
0.549 13617
0.549333 6838
0.549667 -7417
0.55 14085
0.550333 20525
0.550667 -6464
0.551 -6201
0.551333 8521
0.551667 -9672
0.552 -18118
0.552333 4929
0.552667 3660
0.553 -14207
0.553333 -3097
0.553667 3391
0.554 -13581
0.554333 -7411
0.554667 10764
0.555 1414
0.555333 -2688
0.555667 11075
0.556 487
0.556333 -14787
0.556667 527
0.557 5379
0.557333 -9574
0.557667 2624
0.558 17126
0.558333 -3254
0.558667 -8485
0.559 13617
0.559333 6838
0.559667 -7417
0.56 14085
0.560333 20525
0.560667 -6464
0.561 -6201
0.561333 8521
0.561667 -9672
0.562 -18118
0.562333 4929
0.562667 3660
0.563 -14207
0.563333 -3097
0.563667 3391
0.564 -13581
0.564333 -7411
0.564667 10764
0.565 1414
0.565333 -2688
0.565667 11075
0.566 487
0.566333 -14787
0.566667 527
0.567 5379
0.567333 -9574
0.567667 2624
0.568 17126
0.568333 -3254
0.568667 -8485
0.569 13617
0.569333 6838
0.569667 -7417
0.57 14085
0.570333 20525
0.570667 -6464
0.571 -6201
0.571333 8521
0.571667 -9672
0.572 -18118
0.572333 4929
0.572667 3660
0.573 -14207
0.573333 -3097
0.573667 3391
0.574 -13581
0.574333 -7411
0.574667 10764
0.575 1414
0.575333 -2688
0.575667 11075
0.576 487
0.576333 -14787
0.576667 527
0.577 5379
0.577333 -9574
0.577667 2624
0.578 17126
0.578333 -3254
0.578667 -8485
0.579 13617
0.579333 6838
0.579667 -7417
0.58 14085
0.580333 20525
0.580667 -6464
0.581 -6201
0.581333 8521
0.581667 -9672
0.582 -18118
0.582333 4929
0.582667 3660
0.583 -14207
0.583333 -3097
0.583667 3391
0.584 -13581
0.584333 -7411
0.584667 10764
0.585 1414
0.585333 -2688
0.585667 11075
0.586 487
0.586333 -14787
0.586667 527
0.587 5379
0.587333 -9574
0.587667 2624
0.588 17126
0.588333 -3254
0.588667 -8485
0.589 13617
0.589333 6838
0.589667 -7417
0.59 14085
0.590333 20525
0.590667 -6464
0.591 -6201
0.591333 8521
0.591667 -9672
0.592 -18118
0.592333 4929
0.592667 3660
0.593 -14207
0.593333 -3097
0.593667 3391
0.594 -13581
0.594333 -7411
0.594667 10764
0.595 1414
0.595333 -2688
0.595667 11075
0.596 487
0.596333 -14787
0.596667 527
0.597 5379
0.597333 -9574
0.597667 2624
0.598 17126
0.598333 -3254
0.598667 -8485
0.599 13617
0.599333 6838
0.599667 -7417
0.6 14085
0.600333 20525
0.600667 -6464
0.601 -6201
0.601333 8521
0.601667 -9672
0.602 -18118
0.602333 4929
0.602667 3660
0.603 -14207
0.603333 -3097
0.603667 3391
0.604 -13581
0.604333 -7411
0.604667 10764
0.605 1414
0.605333 -2688
0.605667 11075
0.606 487
0.606333 -14787
0.606667 527
0.607 5379
0.607333 -9574
0.607667 2624
0.608 17126
0.608333 -3254
0.608667 -8485
0.609 13617
0.609333 6838
0.609667 -7417
0.61 14085
0.610333 20525
0.610667 -6464
0.611 -6201
0.611333 8521
0.611667 -9672
0.612 -18118
0.612333 4929
0.612667 3660
0.613 -14207
0.613333 -3097
0.613667 3391
0.614 -13581
0.614333 -7411
0.614667 10764
0.615 1414
0.615333 -2688
0.615667 11075
0.616 487
0.616333 -14787
0.616667 527
0.617 5379
0.617333 -9574
0.617667 2624
0.618 17126
0.618333 -3254
0.618667 -8485
0.619 13617
0.619333 6838
0.619667 -7417
0.62 14085
0.620333 20525
0.620667 -6464
0.621 -6201
0.621333 8521
0.621667 -9672
0.622 -18118
0.622333 4929
0.622667 3660
0.623 -14207
0.623333 -3097
0.623667 3391
0.624 -13581
0.624333 -7411
0.624667 10764
0.625 1414
0.625333 -2688
0.625667 11075
0.626 487
0.626333 -14787
0.626667 527
0.627 5379
0.627333 -9574
0.627667 2624
0.628 17126
0.628333 -3254
0.628667 -8485
0.629 13617
0.629333 6838
0.629667 -7417
0.63 14085
0.630333 20525
0.630667 -6464
0.631 -6201
0.631333 8521
0.631667 -9672
0.632 -18118
0.632333 4929
0.632667 3660
0.633 -14207
0.633333 -3097
0.633667 3391
0.634 -13581
0.634333 -7411
0.634667 10764
0.635 1414
0.635333 -2688
0.635667 11075
0.636 487
0.636333 -14787
0.636667 527
0.637 5379
0.637333 -9574
0.637667 2624
0.638 17126
0.638333 -3254
0.638667 -8485
0.639 13617
0.639333 6838
0.639667 -7417
0.64 14085
0.640333 20525
0.640667 -6464
0.641 -6201
0.641333 8521
0.641667 -9672
0.642 -18118
0.642333 4929
0.642667 3660
0.643 -14207
0.643333 -3097
0.643667 3391
0.644 -13581
0.644333 -7411
0.644667 10764
0.645 1414
0.645333 -2688
0.645667 11075
0.646 487
0.646333 -14787
0.646667 527
0.647 5379
0.647333 -9574
0.647667 2624
0.648 17126
0.648333 -3254
0.648667 -8485
0.649 13617
0.649333 6838
0.649667 -7417
0.65 14085
0.650333 20525
0.650667 -6464
0.651 -6201
0.651333 8521
0.651667 -9672
0.652 -18118
0.652333 4929
0.652667 3660
0.653 -14207
0.653333 -3097
0.653667 3391
0.654 -13581
0.654333 -7411
0.654667 10764
0.655 1414
0.655333 -2688
0.655667 11075
0.656 487
0.656333 -14787
0.656667 527
0.657 5379
0.657333 -9574
0.657667 2624
0.658 17126
0.658333 -3254
0.658667 -8485
0.659 13617
0.659333 6838
0.659667 -7417
0.66 14085
0.660333 20525
0.660667 -6464
0.661 -6201
0.661333 8521
0.661667 -9672
0.662 -18118
0.662333 4929
0.662667 3660
0.663 -14207
0.663333 -3097
0.663667 3391
0.664 -13581
0.664333 -7411
0.664667 10764
0.665 1414
0.665333 -2688
0.665667 11075
0.666 487
0.666333 -14787
0.666667 527
0.667 5379
0.667333 -9574
0.667667 2624
0.668 17126
0.668333 -3254
0.668667 -8485
0.669 13617
0.669333 6838
0.669667 -7417
0.67 14085
0.670333 20525
0.670667 -6464
0.671 -6201
0.671333 8521
0.671667 -9672
0.672 -18118
0.672333 4929
0.672667 3660
0.673 -14207
0.673333 -3097
0.673667 3391
0.674 -13581
0.674333 -7411
0.674667 10764
0.675 1414
0.675333 -2688
0.675667 11075
0.676 487
0.676333 -14787
0.676667 527
0.677 5379
0.677333 -9574
0.677667 2624
0.678 17126
0.678333 -3254
0.678667 -8485
0.679 13617
0.679333 6838
0.679667 -7417
0.68 14085
0.680333 20525
0.680667 -6464
0.681 -6201
0.681333 8521
0.681667 -9672
0.682 -18118
0.682333 4929
0.682667 3660
0.683 -14207
0.683333 -3097
0.683667 3391
0.684 -13581
0.684333 -7411
0.684667 10764
0.685 1414
0.685333 -2688
0.685667 11075
0.686 487
0.686333 -14787
0.686667 527
0.687 5379
0.687333 -9574
0.687667 2624
0.688 17126
0.688333 -3254
0.688667 -8485
0.689 13617
0.689333 6838
0.689667 -7417
0.69 14085
0.690333 20525
0.690667 -6464
0.691 -6201
0.691333 8521
0.691667 -9672
0.692 -18118
0.692333 4929
0.692667 3660
0.693 -14207
0.693333 -3097
0.693667 3391
0.694 -13581
0.694333 -7411
0.694667 10764
0.695 1414
0.695333 -2688
0.695667 11075
0.696 487
0.696333 -14787
0.696667 527
0.697 5379
0.697333 -9574
0.697667 2624
0.698 17126
0.698333 -3254
0.698667 -8485
0.699 13617
0.699333 6838
0.699667 -7417
0.7 14085
0.700333 20525
0.700667 -6464
0.701 -6201
0.701333 8521
0.701667 -9672
0.702 -18118
0.702333 4929
0.702667 3660
0.703 -14207
0.703333 -3097
0.703667 3391
0.704 -13581
0.704333 -7411
0.704667 10764
0.705 1414
0.705333 -2688
0.705667 11075
0.706 487
0.706333 -14787
0.706667 527
0.707 5379
0.707333 -9574
0.707667 2624
0.708 17126
0.708333 -3254
0.708667 -8485
0.709 13617
0.709333 6838
0.709667 -7417
0.71 14085
0.710333 20525
0.710667 -6464
0.711 -6201
0.711333 8521
0.711667 -9672
0.712 -18118
0.712333 4929
0.712667 3660
0.713 -14207
0.713333 -3097
0.713667 3391
0.714 -13581
0.714333 -7411
0.714667 10764
0.715 1414
0.715333 -2688
0.715667 11075
0.716 487
0.716333 -14787
0.716667 527
0.717 5379
0.717333 -9574
0.717667 2624
0.718 17126
0.718333 -3254
0.718667 -8485
0.719 13617
0.719333 6838
0.719667 -7417
0.72 14085
0.720333 20525
0.720667 -6464
0.721 -6201
0.721333 8521
0.721667 -9672
0.722 -18118
0.722333 4929
0.722667 3660
0.723 -14207
0.723333 -3097
0.723667 3391
0.724 -13581
0.724333 -7411
0.724667 10764
0.725 1414
0.725333 -2688
0.725667 11075
0.726 487
0.726333 -14787
0.726667 527
0.727 5379
0.727333 -9574
0.727667 2624
0.728 17126
0.728333 -3254
0.728667 -8485
0.729 13617
0.729333 6838
0.729667 -7417
0.73 14085
0.730333 20525
0.730667 -6464
0.731 -6201
0.731333 8521
0.731667 -9672
0.732 -18118
0.732333 4929
0.732667 3660
0.733 -14207
0.733333 -3097
0.733667 3391
0.734 -13581
0.734333 -7411
0.734667 10764
0.735 1414
0.735333 -2688
0.735667 11075
0.736 487
0.736333 -14787
0.736667 527
0.737 5379
0.737333 -9574
0.737667 2624
0.738 17126
0.738333 -3254
0.738667 -8485
0.739 13617
0.739333 6838
0.739667 -7417
0.74 14085
0.740333 20525
0.740667 -6464
0.741 -6201
0.741333 8521
0.741667 -9672
0.742 -18118
0.742333 4929
0.742667 3660
0.743 -14207
0.743333 -3097
0.743667 3391
0.744 -13581
0.744333 -7411
0.744667 10764
0.745 1414
0.745333 -2688
0.745667 11075
0.746 487
0.746333 -14787
0.746667 527
0.747 5379
0.747333 -9574
0.747667 2624
0.748 17126
0.748333 -3254
0.748667 -8485
0.749 13617
0.749333 6838
0.749667 -7417
0.75 14085
0.750333 20525
0.750667 -6464
0.751 -6201
0.751333 8521
0.751667 -9672
0.752 -18118
0.752333 4929
0.752667 3660
0.753 -14207
0.753333 -3097
0.753667 3391
0.754 -13581
0.754333 -7411
0.754667 10764
0.755 1414
0.755333 -2688
0.755667 11075
0.756 487
0.756333 -14787
0.756667 527
0.757 5379
0.757333 -9574
0.757667 2624
0.758 17126
0.758333 -3254
0.758667 -8485
0.759 13617
0.759333 6838
0.759667 -7417
0.76 14085
0.760333 20525
0.760667 -6464
0.761 -6201
0.761333 8521
0.761667 -9672
0.762 -18118
0.762333 4929
0.762667 3660
0.763 -14207
0.763333 -3097
0.763667 3391
0.764 -13581
0.764333 -7411
0.764667 10764
0.765 1414
0.765333 -2688
0.765667 11075
0.766 487
0.766333 -14787
0.766667 527
0.767 5379
0.767333 -9574
0.767667 2624
0.768 17126
0.768333 -3254
0.768667 -8485
0.769 13617
0.769333 6838
0.769667 -7417
0.77 14085
0.770333 20525
0.770667 -6464
0.771 -6201
0.771333 8521
0.771667 -9672
0.772 -18118
0.772333 4929
0.772667 3660
0.773 -14207
0.773333 -3097
0.773667 3391
0.774 -13581
0.774333 -7411
0.774667 10764
0.775 1414
0.775333 -2688
0.775667 11075
0.776 487
0.776333 -14787
0.776667 527
0.777 5379
0.777333 -9574
0.777667 2624
0.778 17126
0.778333 -3254
0.778667 -8485
0.779 13617
0.779333 6838
0.779667 -7417
0.78 14085
0.780333 20525
0.780667 -6464
0.781 -6201
0.781333 8521
0.781667 -9672
0.782 -18118
0.782333 4929
0.782667 3660
0.783 -14207
0.783333 -3097
0.783667 3391
0.784 -13581
0.784333 -7411
0.784667 10764
0.785 1414
0.785333 -2688
0.785667 11075
0.786 487
0.786333 -14787
0.786667 527
0.787 5379
0.787333 -9574
0.787667 2624
0.788 17126
0.788333 -3254
0.788667 -8485
0.789 13617
0.789333 6838
0.789667 -7417
0.79 14085
0.790333 20525
0.790667 -6464
0.791 -6201
0.791333 8521
0.791667 -9672
0.792 -18118
0.792333 4929
0.792667 3660
0.793 -14207
0.793333 -3097
0.793667 3391
0.794 -13581
0.794333 -7411
0.794667 10764
0.795 1414
0.795333 -2688
0.795667 11075
0.796 487
0.796333 -14787
0.796667 527
0.797 5379
0.797333 -9574
0.797667 2624
0.798 17126
0.798333 -3254
0.798667 -8485
0.799 13617
0.799333 6838
0.799667 -7417
0.8 14085
0.800333 20525
0.800667 -6464
0.801 -6201
0.801333 8521
0.801667 -9672
0.802 -18118
0.802333 4929
0.802667 3660
0.803 -14207
0.803333 -3097
0.803667 3391
0.804 -13581
0.804333 -7411
0.804667 10764
0.805 1414
0.805333 -2688
0.805667 11075
0.806 487
0.806333 -14787
0.806667 527
0.807 5379
0.807333 -9574
0.807667 2624
0.808 17126
0.808333 -3254
0.808667 -8485
0.809 13617
0.809333 6838
0.809667 -7417
0.81 14085
0.810333 20525
0.810667 -6464
0.811 -6201
0.811333 8521
0.811667 -9672
0.812 -18118
0.812333 4929
0.812667 3660
0.813 -14207
0.813333 -3097
0.813667 3391
0.814 -13581
0.814333 -7411
0.814667 10764
0.815 1414
0.815333 -2688
0.815667 11075
0.816 487
0.816333 -14787
0.816667 527
0.817 5379
0.817333 -9574
0.817667 2624
0.818 17126
0.818333 -3254
0.818667 -8485
0.819 13617
0.819333 6838
0.819667 -7417
0.82 14085
0.820333 20525
0.820667 -6464
0.821 -6201
0.821333 8521
0.821667 -9672
0.822 -18118
0.822333 4929
0.822667 3660
0.823 -14207
0.823333 -3097
0.823667 3391
0.824 -13581
0.824333 -7411
0.824667 10764
0.825 1414
0.825333 -2688
0.825667 11075
0.826 487
0.826333 -14787
0.826667 527
0.827 5379
0.827333 -9574
0.827667 2624
0.828 17126
0.828333 -3254
0.828667 -8485
0.829 13617
0.829333 6838
0.829667 -7417
0.83 14085
0.830333 20525
0.830667 -6464
0.831 -6201
0.831333 8521
0.831667 -9672
0.832 -18118
0.832333 4929
0.832667 3660
0.833 -14207
0.833333 -3097
0.833667 3391
0.834 -13581
0.834333 -7411
0.834667 10764
0.835 1414
0.835333 -2688
0.835667 11075
0.836 487
0.836333 -14787
0.836667 527
0.837 5379
0.837333 -9574
0.837667 2624
0.838 17126
0.838333 -3254
0.838667 -8485
0.839 13617
0.839333 6838
0.839667 -7417
0.84 14085
0.840333 20525
0.840667 -6464
0.841 -6201
0.841333 8521
0.841667 -9672
0.842 -18118
0.842333 4929
0.842667 3660
0.843 -14207
0.843333 -3097
0.843667 3391
0.844 -13581
0.844333 -7411
0.844667 10764
0.845 1414
0.845333 -2688
0.845667 11075
0.846 487
0.846333 -14787
0.846667 527
0.847 5379
0.847333 -9574
0.847667 2624
0.848 17126
0.848333 -3254
0.848667 -8485
0.849 13617
0.849333 6838
0.849667 -7417
0.85 14085
0.850333 20525
0.850667 -6464
0.851 -6201
0.851333 8521
0.851667 -9672
0.852 -18118
0.852333 4929
0.852667 3660
0.853 -14207
0.853333 -3097
0.853667 3391
0.854 -13581
0.854333 -7411
0.854667 10764
0.855 1414
0.855333 -2688
0.855667 11075
0.856 487
0.856333 -14787
0.856667 527
0.857 5379
0.857333 -9574
0.857667 2624
0.858 17126
0.858333 -3254
0.858667 -8485
0.859 13617
0.859333 6838
0.859667 -7417
0.86 14085
0.860333 20525
0.860667 -6464
0.861 -6201
0.861333 8521
0.861667 -9672
0.862 -18118
0.862333 4929
0.862667 3660
0.863 -14207
0.863333 -3097
0.863667 3391
0.864 -13581
0.864333 -7411
0.864667 10764
0.865 1414
0.865333 -2688
0.865667 11075
0.866 487
0.866333 -14787
0.866667 527
0.867 5379
0.867333 -9574
0.867667 2624
0.868 17126
0.868333 -3254
0.868667 -8485
0.869 13617
0.869333 6838
0.869667 -7417
0.87 14085
0.870333 20525
0.870667 -6464
0.871 -6201
0.871333 8521
0.871667 -9672
0.872 -18118
0.872333 4929
0.872667 3660
0.873 -14207
0.873333 -3097
0.873667 3391
0.874 -13581
0.874333 -7411
0.874667 10764
0.875 1414
0.875333 -2688
0.875667 11075
0.876 487
0.876333 -14787
0.876667 527
0.877 5379
0.877333 -9574
0.877667 2624
0.878 17126
0.878333 -3254
0.878667 -8485
0.879 13617
0.879333 6838
0.879667 -7417
0.88 14085
0.880333 20525
0.880667 -6464
0.881 -6201
0.881333 8521
0.881667 -9672
0.882 -18118
0.882333 4929
0.882667 3660
0.883 -14207
0.883333 -3097
0.883667 3391
0.884 -13581
0.884333 -7411
0.884667 10764
0.885 1414
0.885333 -2688
0.885667 11075
0.886 487
0.886333 -14787
0.886667 527
0.887 5379
0.887333 -9574
0.887667 2624
0.888 17126
0.888333 -3254
0.888667 -8485
0.889 13617
0.889333 6838
0.889667 -7417
0.89 14085
0.890333 20525
0.890667 -6464
0.891 -6201
0.891333 8521
0.891667 -9672
0.892 -18118
0.892333 4929
0.892667 3660
0.893 -14207
0.893333 -3097
0.893667 3391
0.894 -13581
0.894333 -7411
0.894667 10764
0.895 1414
0.895333 -2688
0.895667 11075
0.896 487
0.896333 -14787
0.896667 527
0.897 5379
0.897333 -9574
0.897667 2624
0.898 17126
0.898333 -3254
0.898667 -8485
0.899 13617
0.899333 6838
0.899667 -7417
0.9 14085
0.900333 20525
0.900667 -6464
0.901 -6201
0.901333 8521
0.901667 -9672
0.902 -18118
0.902333 4929
0.902667 3660
0.903 -14207
0.903333 -3097
0.903667 3391
0.904 -13581
0.904333 -7411
0.904667 10764
0.905 1414
0.905333 -2688
0.905667 11075
0.906 487
0.906333 -14787
0.906667 527
0.907 5379
0.907333 -9574
0.907667 2624
0.908 17126
0.908333 -3254
0.908667 -8485
0.909 13617
0.909333 6838
0.909667 -7417
0.91 14085
0.910333 20525
0.910667 -6464
0.911 -6201
0.911333 8521
0.911667 -9672
0.912 -18118
0.912333 4929
0.912667 3660
0.913 -14207
0.913333 -3097
0.913667 3391
0.914 -13581
0.914333 -7411
0.914667 10764
0.915 1414
0.915333 -2688
0.915667 11075
0.916 487
0.916333 -14787
0.916667 527
0.917 5379
0.917333 -9574
0.917667 2624
0.918 17126
0.918333 -3254
0.918667 -8485
0.919 13617
0.919333 6838
0.919667 -7417
0.92 14085
0.920333 20525
0.920667 -6464
0.921 -6201
0.921333 8521
0.921667 -9672
0.922 -18118
0.922333 4929
0.922667 3660
0.923 -14207
0.923333 -3097
0.923667 3391
0.924 -13581
0.924333 -7411
0.924667 10764
0.925 1414
0.925333 -2688
0.925667 11075
0.926 487
0.926333 -14787
0.926667 527
0.927 5379
0.927333 -9574
0.927667 2624
0.928 17126
0.928333 -3254
0.928667 -8485
0.929 13617
0.929333 6838
0.929667 -7417
0.93 14085
0.930333 20525
0.930667 -6464
0.931 -6201
0.931333 8521
0.931667 -9672
0.932 -18118
0.932333 4929
0.932667 3660
0.933 -14207
0.933333 -3097
0.933667 3391
0.934 -13581
0.934333 -7411
0.934667 10764
0.935 1414
0.935333 -2688
0.935667 11075
0.936 487
0.936333 -14787
0.936667 527
0.937 5379
0.937333 -9574
0.937667 2624
0.938 17126
0.938333 -3254
0.938667 -8485
0.939 13617
0.939333 6838
0.939667 -7417
0.94 14085
0.940333 20525
0.940667 -6464
0.941 -6201
0.941333 8521
0.941667 -9672
0.942 -18118
0.942333 4929
0.942667 3660
0.943 -14207
0.943333 -3097
0.943667 3391
0.944 -13581
0.944333 -7411
0.944667 10764
0.945 1414
0.945333 -2688
0.945667 11075
0.946 487
0.946333 -14787
0.946667 527
0.947 5379
0.947333 -9574
0.947667 2624
0.948 17126
0.948333 -3254
0.948667 -8485
0.949 13617
0.949333 6838
0.949667 -7417
0.95 14085
0.950333 20525
0.950667 -6464
0.951 -6201
0.951333 8521
0.951667 -9672
0.952 -18118
0.952333 4929
0.952667 3660
0.953 -14207
0.953333 -3097
0.953667 3391
0.954 -13581
0.954333 -7411
0.954667 10764
0.955 1414
0.955333 -2688
0.955667 11075
0.956 487
0.956333 -14787
0.956667 527
0.957 5379
0.957333 -9574
0.957667 2624
0.958 17126
0.958333 -3254
0.958667 -8485
0.959 13617
0.959333 6838
0.959667 -7417
0.96 14085
0.960333 20525
0.960667 -6464
0.961 -6201
0.961333 8521
0.961667 -9672
0.962 -18118
0.962333 4929
0.962667 3660
0.963 -14207
0.963333 -3097
0.963667 3391
0.964 -13581
0.964333 -7411
0.964667 10764
0.965 1414
0.965333 -2688
0.965667 11075
0.966 487
0.966333 -14787
0.966667 527
0.967 5379
0.967333 -9574
0.967667 2624
0.968 17126
0.968333 -3254
0.968667 -8485
0.969 13617
0.969333 6838
0.969667 -7417
0.97 14085
0.970333 20525
0.970667 -6464
0.971 -6201
0.971333 8521
0.971667 -9672
0.972 -18118
0.972333 4929
0.972667 3660
0.973 -14207
0.973333 -3097
0.973667 3391
0.974 -13581
0.974333 -7411
0.974667 10764
0.975 1414
0.975333 -2688
0.975667 11075
0.976 487
0.976333 -14787
0.976667 527
0.977 5379
0.977333 -9574
0.977667 2624
0.978 17126
0.978333 -3254
0.978667 -8485
0.979 13617
0.979333 6838
0.979667 -7417
0.98 14085
0.980333 20525
0.980667 -6464
0.981 -6201
0.981333 8521
0.981667 -9672
0.982 -18118
0.982333 4929
0.982667 3660
0.983 -14207
0.983333 -3097
0.983667 3391
0.984 -13581
0.984333 -7411
0.984667 10764
0.985 1414
0.985333 -2688
0.985667 11075
0.986 487
0.986333 -14787
0.986667 527
0.987 5379
0.987333 -9574
0.987667 2624
0.988 17126
0.988333 -3254
0.988667 -8485
0.989 13617
0.989333 6838
0.989667 -7417
0.99 14085
0.990333 20525
0.990667 -6464
0.991 -6201
0.991333 8521
0.991667 -9672
0.992 -18118
0.992333 4929
0.992667 3660
0.993 -14207
0.993333 -3097
0.993667 3391
0.994 -13581
0.994333 -7411
0.994667 10764
0.995 1414
0.995333 -2688
0.995667 11075
0.996 487
0.996333 -14787
0.996667 527
0.997 5379
0.997333 -9574
0.997667 2624
0.998 17126
0.998333 -3254
0.998667 -8485
0.999 13617
0.999333 6838
0.999667 -7417
