0 0
0.000333333 27240
0.000666667 37877
0.001 57374
0.00133333 96505
0.00166667 117541
0.002 124334
0.00233333 146792
0.00266667 163106
0.003 157309
0.00333333 156697
0.00366667 155098
0.004 127313
0.00433333 96329
0.00466667 78076
0.005 50579
0.00533333 23449
0.00566667 16927
0.006 4584
0.00633333 -24129
0.00666667 -42259
0.007 -60283
0.00733333 -97149
0.00766667 -122161
0.008 -127178
0.00833333 -145719
0.00866667 -165569
0.009 -159507
0.00933333 -154386
0.00966667 -156922
0.01 -128074
0.0103333 -77682
0.0106667 -40154
0.011 4693
0.0113333 64922
0.0116667 101869
0.012 119569
0.0123333 148702
0.0126667 168453
0.013 163839
0.0133333 163005
0.0136667 160436
0.014 131399
0.0143333 99173
0.0146667 79853
0.015 51525
0.0153333 23809
0.0156667 16915
0.016 4366
0.0163333 -24430
0.0166667 -42566
0.017 -60552
0.0173333 -97358
0.0176667 -122312
0.018 -127274
0.0183333 -145773
0.0186667 -165591
0.019 -159509
0.0193333 -154380
0.0196667 -156910
0.02 -128060
0.0203333 -77670
0.0206667 -40143
0.021 4702
0.0213333 64927
0.0216667 101873
0.022 119572
0.0223333 148702
0.0226667 168452
0.023 163838
0.0233333 163003
0.0236667 160436
0.024 131400
0.0243333 99175
0.0246667 79853
0.025 51524
0.0253333 23807
0.0256667 16912
0.026 4362
0.0263333 -24435
0.0266667 -42571
0.027 -60557
0.0273333 -97362
0.0276667 -122314
0.028 -127277
0.0283333 -145775
0.0286667 -165594
0.029 -159511
0.0293333 -154380
0.0296667 -156911
0.03 -128060
0.0303333 -77670
0.0306667 -40143
0.031 4702
0.0313333 64927
0.0316667 101873
0.032 119572
0.0323333 148702
0.0326667 168452
0.033 163838
0.0333333 163003
0.0336667 160436
0.034 131400
0.0343333 99175
0.0346667 79853
0.035 51524
0.0353333 23807
0.0356667 16912
0.036 4362
0.0363333 -24435
0.0366667 -42571
0.037 -60557
0.0373333 -97362
0.0376667 -122314
0.038 -127277
0.0383333 -145775
0.0386667 -165594
0.039 -159511
0.0393333 -154380
0.0396667 -156911
0.04 -128060
0.0403333 -77670
0.0406667 -40143
0.041 4702
0.0413333 64927
0.0416667 101873
0.042 119572
0.0423333 148702
0.0426667 168452
0.043 163838
0.0433333 163003
0.0436667 160436
0.044 131400
0.0443333 99175
0.0446667 79853
0.045 51524
0.0453333 23807
0.0456667 16912
0.046 4362
0.0463333 -24435
0.0466667 -42571
0.047 -60557
0.0473333 -97362
0.0476667 -122314
0.048 -127277
0.0483333 -145775
0.0486667 -165594
0.049 -159511
0.0493333 -154380
0.0496667 -156911
0.05 -128060
0.0503333 -77670
0.0506667 -40143
0.051 4702
0.0513333 64927
0.0516667 101873
0.052 119572
0.0523333 148702
0.0526667 168452
0.053 163838
0.0533333 163003
0.0536667 160436
0.054 131400
0.0543333 99175
0.0546667 79853
0.055 51524
0.0553333 23807
0.0556667 16912
0.056 4362
0.0563333 -24435
0.0566667 -42571
0.057 -60557
0.0573333 -97362
0.0576667 -122314
0.058 -127277
0.0583333 -145775
0.0586667 -165594
0.059 -159511
0.0593333 -154380
0.0596667 -156911
0.06 -128060
0.0603333 -77670
0.0606667 -40143
0.061 4702
0.0613333 64927
0.0616667 101873
0.062 119572
0.0623333 148702
0.0626667 168452
0.063 163838
0.0633333 163003
0.0636667 160436
0.064 131400
0.0643333 99175
0.0646667 79853
0.065 51524
0.0653333 23807
0.0656667 16912
0.066 4362
0.0663333 -24435
0.0666667 -42571
0.067 -60557
0.0673333 -97362
0.0676667 -122314
0.068 -127277
0.0683333 -145775
0.0686667 -165594
0.069 -159511
0.0693333 -154380
0.0696667 -156911
0.07 -128060
0.0703333 -77670
0.0706667 -40143
0.071 4702
0.0713333 64927
0.0716667 101873
0.072 119572
0.0723333 148702
0.0726667 168452
0.073 163838
0.0733333 163003
0.0736667 160436
0.074 131400
0.0743333 99175
0.0746667 79853
0.075 51524
0.0753333 23807
0.0756667 16912
0.076 4362
0.0763333 -24435
0.0766667 -42571
0.077 -60557
0.0773333 -97362
0.0776667 -122314
0.078 -127277
0.0783333 -145775
0.0786667 -165594
0.079 -159511
0.0793333 -154380
0.0796667 -156911
0.08 -128060
0.0803333 -77670
0.0806667 -40143
0.081 4702
0.0813333 64927
0.0816667 101873
0.082 119572
0.0823333 148702
0.0826667 168452
0.083 163838
0.0833333 163003
0.0836667 160436
0.084 131400
0.0843333 99175
0.0846667 79853
0.085 51524
0.0853333 23807
0.0856667 16912
0.086 4362
0.0863333 -24435
0.0866667 -42571
0.087 -60557
0.0873333 -97362
0.0876667 -122314
0.088 -127277
0.0883333 -145775
0.0886667 -165594
0.089 -159511
0.0893333 -154380
0.0896667 -156911
0.09 -128060
0.0903333 -77670
0.0906667 -40143
0.091 4702
0.0913333 64927
0.0916667 101873
0.092 119572
0.0923333 148702
0.0926667 168452
0.093 163838
0.0933333 163003
0.0936667 160436
0.094 131400
0.0943333 99175
0.0946667 79853
0.095 51524
0.0953333 23807
0.0956667 16912
0.096 4362
0.0963333 -24435
0.0966667 -42571
0.097 -60557
0.0973333 -97362
0.0976667 -122314
0.098 -127277
0.0983333 -145775
0.0986667 -165594
0.099 -159511
0.0993333 -154380
0.0996667 -156911
0.1 -128060
0.100333 -77670
0.100667 -40143
0.101 4702
0.101333 64927
0.101667 101873
0.102 119572
0.102333 148702
0.102667 168452
0.103 163838
0.103333 163003
0.103667 160436
0.104 131400
0.104333 99175
0.104667 79853
0.105 51524
0.105333 23807
0.105667 16912
0.106 4362
0.106333 -24435
0.106667 -42571
0.107 -60557
0.107333 -97362
0.107667 -122314
0.108 -127277
0.108333 -145775
0.108667 -165594
0.109 -159511
0.109333 -154380
0.109667 -156911
0.11 -128060
0.110333 -77670
0.110667 -40143
0.111 4702
0.111333 64927
0.111667 101873
0.112 119572
0.112333 148702
0.112667 168452
0.113 163838
0.113333 163003
0.113667 160436
0.114 131400
0.114333 99175
0.114667 79853
0.115 51524
0.115333 23807
0.115667 16912
0.116 4362
0.116333 -24435
0.116667 -42571
0.117 -60557
0.117333 -97362
0.117667 -122314
0.118 -127277
0.118333 -145775
0.118667 -165594
0.119 -159511
0.119333 -154380
0.119667 -156911
0.12 -128060
0.120333 -77670
0.120667 -40143
0.121 4702
0.121333 64927
0.121667 101873
0.122 119572
0.122333 148702
0.122667 168452
0.123 163838
0.123333 163003
0.123667 160436
0.124 131400
0.124333 99175
0.124667 79853
0.125 51524
0.125333 23807
0.125667 16912
0.126 4362
0.126333 -24435
0.126667 -42571
0.127 -60557
0.127333 -97362
0.127667 -122314
0.128 -127277
0.128333 -145775
0.128667 -165594
0.129 -159511
0.129333 -154380
0.129667 -156911
0.13 -128060
0.130333 -77670
0.130667 -40143
0.131 4702
0.131333 64927
0.131667 101873
0.132 119572
0.132333 148702
0.132667 168452
0.133 163838
0.133333 163003
0.133667 160436
0.134 131400
0.134333 99175
0.134667 79853
0.135 51524
0.135333 23807
0.135667 16912
0.136 4362
0.136333 -24435
0.136667 -42571
0.137 -60557
0.137333 -97362
0.137667 -122314
0.138 -127277
0.138333 -145775
0.138667 -165594
0.139 -159511
0.139333 -154380
0.139667 -156911
0.14 -128060
0.140333 -77670
0.140667 -40143
0.141 4702
0.141333 64927
0.141667 101873
0.142 119572
0.142333 148702
0.142667 168452
0.143 163838
0.143333 163003
0.143667 160436
0.144 131400
0.144333 99175
0.144667 79853
0.145 51524
0.145333 23807
0.145667 16912
0.146 4362
0.146333 -24435
0.146667 -42571
0.147 -60557
0.147333 -97362
0.147667 -122314
0.148 -127277
0.148333 -145775
0.148667 -165594
0.149 -159511
0.149333 -154380
0.149667 -156911
0.15 -128060
0.150333 -77670
0.150667 -40143
0.151 4702
0.151333 64927
0.151667 101873
0.152 119572
0.152333 148702
0.152667 168452
0.153 163838
0.153333 163003
0.153667 160436
0.154 131400
0.154333 99175
0.154667 79853
0.155 51524
0.155333 23807
0.155667 16912
0.156 4362
0.156333 -24435
0.156667 -42571
0.157 -60557
0.157333 -97362
0.157667 -122314
0.158 -127277
0.158333 -145775
0.158667 -165594
0.159 -159511
0.159333 -154380
0.159667 -156911
0.16 -128060
0.160333 -77670
0.160667 -40143
0.161 4702
0.161333 64927
0.161667 101873
0.162 119572
0.162333 148702
0.162667 168452
0.163 163838
0.163333 163003
0.163667 160436
0.164 131400
0.164333 99175
0.164667 79853
0.165 51524
0.165333 23807
0.165667 16912
0.166 4362
0.166333 -24435
0.166667 -42571
0.167 -60557
0.167333 -97362
0.167667 -122314
0.168 -127277
0.168333 -145775
0.168667 -165594
0.169 -159511
0.169333 -154380
0.169667 -156911
0.17 -128060
0.170333 -77670
0.170667 -40143
0.171 4702
0.171333 64927
0.171667 101873
0.172 119572
0.172333 148702
0.172667 168452
0.173 163838
0.173333 163003
0.173667 160436
0.174 131400
0.174333 99175
0.174667 79853
0.175 51524
0.175333 23807
0.175667 16912
0.176 4362
0.176333 -24435
0.176667 -42571
0.177 -60557
0.177333 -97362
0.177667 -122314
0.178 -127277
0.178333 -145775
0.178667 -165594
0.179 -159511
0.179333 -154380
0.179667 -156911
0.18 -128060
0.180333 -77670
0.180667 -40143
0.181 4702
0.181333 64927
0.181667 101873
0.182 119572
0.182333 148702
0.182667 168452
0.183 163838
0.183333 163003
0.183667 160436
0.184 131400
0.184333 99175
0.184667 79853
0.185 51524
0.185333 23807
0.185667 16912
0.186 4362
0.186333 -24435
0.186667 -42571
0.187 -60557
0.187333 -97362
0.187667 -122314
0.188 -127277
0.188333 -145775
0.188667 -165594
0.189 -159511
0.189333 -154380
0.189667 -156911
0.19 -128060
0.190333 -77670
0.190667 -40143
0.191 4702
0.191333 64927
0.191667 101873
0.192 119572
0.192333 148702
0.192667 168452
0.193 163838
0.193333 163003
0.193667 160436
0.194 131400
0.194333 99175
0.194667 79853
0.195 51524
0.195333 23807
0.195667 16912
0.196 4362
0.196333 -24435
0.196667 -42571
0.197 -60557
0.197333 -97362
0.197667 -122314
0.198 -127277
0.198333 -145775
0.198667 -165594
0.199 -159511
0.199333 -154380
0.199667 -156911
0.2 -128060
0.200333 -77670
0.200667 -40143
0.201 4702
0.201333 64927
0.201667 101873
0.202 119572
0.202333 148702
0.202667 168452
0.203 163838
0.203333 163003
0.203667 160436
0.204 131400
0.204333 99175
0.204667 79853
0.205 51524
0.205333 23807
0.205667 16912
0.206 4362
0.206333 -24435
0.206667 -42571
0.207 -60557
0.207333 -97362
0.207667 -122314
0.208 -127277
0.208333 -145775
0.208667 -165594
0.209 -159511
0.209333 -154380
0.209667 -156911
0.21 -128060
0.210333 -77670
0.210667 -40143
0.211 4702
0.211333 64927
0.211667 101873
0.212 119572
0.212333 148702
0.212667 168452
0.213 163838
0.213333 163003
0.213667 160436
0.214 131400
0.214333 99175
0.214667 79853
0.215 51524
0.215333 23807
0.215667 16912
0.216 4362
0.216333 -24435
0.216667 -42571
0.217 -60557
0.217333 -97362
0.217667 -122314
0.218 -127277
0.218333 -145775
0.218667 -165594
0.219 -159511
0.219333 -154380
0.219667 -156911
0.22 -128060
0.220333 -77670
0.220667 -40143
0.221 4702
0.221333 64927
0.221667 101873
0.222 119572
0.222333 148702
0.222667 168452
0.223 163838
0.223333 163003
0.223667 160436
0.224 131400
0.224333 99175
0.224667 79853
0.225 51524
0.225333 23807
0.225667 16912
0.226 4362
0.226333 -24435
0.226667 -42571
0.227 -60557
0.227333 -97362
0.227667 -122314
0.228 -127277
0.228333 -145775
0.228667 -165594
0.229 -159511
0.229333 -154380
0.229667 -156911
0.23 -128060
0.230333 -77670
0.230667 -40143
0.231 4702
0.231333 64927
0.231667 101873
0.232 119572
0.232333 148702
0.232667 168452
0.233 163838
0.233333 163003
0.233667 160436
0.234 131400
0.234333 99175
0.234667 79853
0.235 51524
0.235333 23807
0.235667 16912
0.236 4362
0.236333 -24435
0.236667 -42571
0.237 -60557
0.237333 -97362
0.237667 -122314
0.238 -127277
0.238333 -145775
0.238667 -165594
0.239 -159511
0.239333 -154380
0.239667 -156911
0.24 -128060
0.240333 -77670
0.240667 -40143
0.241 4702
0.241333 64927
0.241667 101873
0.242 119572
0.242333 148702
0.242667 168452
0.243 163838
0.243333 163003
0.243667 160436
0.244 131400
0.244333 99175
0.244667 79853
0.245 51524
0.245333 23807
0.245667 16912
0.246 4362
0.246333 -24435
0.246667 -42571
0.247 -60557
0.247333 -97362
0.247667 -122314
0.248 -127277
0.248333 -145775
0.248667 -165594
0.249 -159511
0.249333 -154380
0.249667 -156911
0.25 -128060
0.250333 -77670
0.250667 -40143
0.251 4702
0.251333 64927
0.251667 101873
0.252 119572
0.252333 148702
0.252667 168452
0.253 163838
0.253333 163003
0.253667 160436
0.254 131400
0.254333 99175
0.254667 79853
0.255 51524
0.255333 23807
0.255667 16912
0.256 4362
0.256333 -24435
0.256667 -42571
0.257 -60557
0.257333 -97362
0.257667 -122314
0.258 -127277
0.258333 -145775
0.258667 -165594
0.259 -159511
0.259333 -154380
0.259667 -156911
0.26 -128060
0.260333 -77670
0.260667 -40143
0.261 4702
0.261333 64927
0.261667 101873
0.262 119572
0.262333 148702
0.262667 168452
0.263 163838
0.263333 163003
0.263667 160436
0.264 131400
0.264333 99175
0.264667 79853
0.265 51524
0.265333 23807
0.265667 16912
0.266 4362
0.266333 -24435
0.266667 -42571
0.267 -60557
0.267333 -97362
0.267667 -122314
0.268 -127277
0.268333 -145775
0.268667 -165594
0.269 -159511
0.269333 -154380
0.269667 -156911
0.27 -128060
0.270333 -77670
0.270667 -40143
0.271 4702
0.271333 64927
0.271667 101873
0.272 119572
0.272333 148702
0.272667 168452
0.273 163838
0.273333 163003
0.273667 160436
0.274 131400
0.274333 99175
0.274667 79853
0.275 51524
0.275333 23807
0.275667 16912
0.276 4362
0.276333 -24435
0.276667 -42571
0.277 -60557
0.277333 -97362
0.277667 -122314
0.278 -127277
0.278333 -145775
0.278667 -165594
0.279 -159511
0.279333 -154380
0.279667 -156911
0.28 -128060
0.280333 -77670
0.280667 -40143
0.281 4702
0.281333 64927
0.281667 101873
0.282 119572
0.282333 148702
0.282667 168452
0.283 163838
0.283333 163003
0.283667 160436
0.284 131400
0.284333 99175
0.284667 79853
0.285 51524
0.285333 23807
0.285667 16912
0.286 4362
0.286333 -24435
0.286667 -42571
0.287 -60557
0.287333 -97362
0.287667 -122314
0.288 -127277
0.288333 -145775
0.288667 -165594
0.289 -159511
0.289333 -154380
0.289667 -156911
0.29 -128060
0.290333 -77670
0.290667 -40143
0.291 4702
0.291333 64927
0.291667 101873
0.292 119572
0.292333 148702
0.292667 168452
0.293 163838
0.293333 163003
0.293667 160436
0.294 131400
0.294333 99175
0.294667 79853
0.295 51524
0.295333 23807
0.295667 16912
0.296 4362
0.296333 -24435
0.296667 -42571
0.297 -60557
0.297333 -97362
0.297667 -122314
0.298 -127277
0.298333 -145775
0.298667 -165594
0.299 -159511
0.299333 -154380
0.299667 -156911
0.3 -128060
0.300333 -77670
0.300667 -40143
0.301 4702
0.301333 64927
0.301667 101873
0.302 119572
0.302333 148702
0.302667 168452
0.303 163838
0.303333 163003
0.303667 160436
0.304 131400
0.304333 99175
0.304667 79853
0.305 51524
0.305333 23807
0.305667 16912
0.306 4362
0.306333 -24435
0.306667 -42571
0.307 -60557
0.307333 -97362
0.307667 -122314
0.308 -127277
0.308333 -145775
0.308667 -165594
0.309 -159511
0.309333 -154380
0.309667 -156911
0.31 -128060
0.310333 -77670
0.310667 -40143
0.311 4702
0.311333 64927
0.311667 101873
0.312 119572
0.312333 148702
0.312667 168452
0.313 163838
0.313333 163003
0.313667 160436
0.314 131400
0.314333 99175
0.314667 79853
0.315 51524
0.315333 23807
0.315667 16912
0.316 4362
0.316333 -24435
0.316667 -42571
0.317 -60557
0.317333 -97362
0.317667 -122314
0.318 -127277
0.318333 -145775
0.318667 -165594
0.319 -159511
0.319333 -154380
0.319667 -156911
0.32 -128060
0.320333 -77670
0.320667 -40143
0.321 4702
0.321333 64927
0.321667 101873
0.322 119572
0.322333 148702
0.322667 168452
0.323 163838
0.323333 163003
0.323667 160436
0.324 131400
0.324333 99175
0.324667 79853
0.325 51524
0.325333 23807
0.325667 16912
0.326 4362
0.326333 -24435
0.326667 -42571
0.327 -60557
0.327333 -97362
0.327667 -122314
0.328 -127277
0.328333 -145775
0.328667 -165594
0.329 -159511
0.329333 -154380
0.329667 -156911
0.33 -128060
0.330333 -77670
0.330667 -40143
0.331 4702
0.331333 64927
0.331667 101873
0.332 119572
0.332333 148702
0.332667 168452
0.333 163838
0.333333 163003
0.333667 160436
0.334 131400
0.334333 99175
0.334667 79853
0.335 51524
0.335333 23807
0.335667 16912
0.336 4362
0.336333 -24435
0.336667 -42571
0.337 -60557
0.337333 -97362
0.337667 -122314
0.338 -127277
0.338333 -145775
0.338667 -165594
0.339 -159511
0.339333 -154380
0.339667 -156911
0.34 -128060
0.340333 -77670
0.340667 -40143
0.341 4702
0.341333 64927
0.341667 101873
0.342 119572
0.342333 148702
0.342667 168452
0.343 163838
0.343333 163003
0.343667 160436
0.344 131400
0.344333 99175
0.344667 79853
0.345 51524
0.345333 23807
0.345667 16912
0.346 4362
0.346333 -24435
0.346667 -42571
0.347 -60557
0.347333 -97362
0.347667 -122314
0.348 -127277
0.348333 -145775
0.348667 -165594
0.349 -159511
0.349333 -154380
0.349667 -156911
0.35 -128060
0.350333 -77670
0.350667 -40143
0.351 4702
0.351333 64927
0.351667 101873
0.352 119572
0.352333 148702
0.352667 168452
0.353 163838
0.353333 163003
0.353667 160436
0.354 131400
0.354333 99175
0.354667 79853
0.355 51524
0.355333 23807
0.355667 16912
0.356 4362
0.356333 -24435
0.356667 -42571
0.357 -60557
0.357333 -97362
0.357667 -122314
0.358 -127277
0.358333 -145775
0.358667 -165594
0.359 -159511
0.359333 -154380
0.359667 -156911
0.36 -128060
0.360333 -77670
0.360667 -40143
0.361 4702
0.361333 64927
0.361667 101873
0.362 119572
0.362333 148702
0.362667 168452
0.363 163838
0.363333 163003
0.363667 160436
0.364 131400
0.364333 99175
0.364667 79853
0.365 51524
0.365333 23807
0.365667 16912
0.366 4362
0.366333 -24435
0.366667 -42571
0.367 -60557
0.367333 -97362
0.367667 -122314
0.368 -127277
0.368333 -145775
0.368667 -165594
0.369 -159511
0.369333 -154380
0.369667 -156911
0.37 -128060
0.370333 -77670
0.370667 -40143
0.371 4702
0.371333 64927
0.371667 101873
0.372 119572
0.372333 148702
0.372667 168452
0.373 163838
0.373333 163003
0.373667 160436
0.374 131400
0.374333 99175
0.374667 79853
0.375 51524
0.375333 23807
0.375667 16912
0.376 4362
0.376333 -24435
0.376667 -42571
0.377 -60557
0.377333 -97362
0.377667 -122314
0.378 -127277
0.378333 -145775
0.378667 -165594
0.379 -159511
0.379333 -154380
0.379667 -156911
0.38 -128060
0.380333 -77670
0.380667 -40143
0.381 4702
0.381333 64927
0.381667 101873
0.382 119572
0.382333 148702
0.382667 168452
0.383 163838
0.383333 163003
0.383667 160436
0.384 131400
0.384333 99175
0.384667 79853
0.385 51524
0.385333 23807
0.385667 16912
0.386 4362
0.386333 -24435
0.386667 -42571
0.387 -60557
0.387333 -97362
0.387667 -122314
0.388 -127277
0.388333 -145775
0.388667 -165594
0.389 -159511
0.389333 -154380
0.389667 -156911
0.39 -128060
0.390333 -77670
0.390667 -40143
0.391 4702
0.391333 64927
0.391667 101873
0.392 119572
0.392333 148702
0.392667 168452
0.393 163838
0.393333 163003
0.393667 160436
0.394 131400
0.394333 99175
0.394667 79853
0.395 51524
0.395333 23807
0.395667 16912
0.396 4362
0.396333 -24435
0.396667 -42571
0.397 -60557
0.397333 -97362
0.397667 -122314
0.398 -127277
0.398333 -145775
0.398667 -165594
0.399 -159511
0.399333 -154380
0.399667 -156911
0.4 -128060
0.400333 -77670
0.400667 -40143
0.401 4702
0.401333 64927
0.401667 101873
0.402 119572
0.402333 148702
0.402667 168452
0.403 163838
0.403333 163003
0.403667 160436
0.404 131400
0.404333 99175
0.404667 79853
0.405 51524
0.405333 23807
0.405667 16912
0.406 4362
0.406333 -24435
0.406667 -42571
0.407 -60557
0.407333 -97362
0.407667 -122314
0.408 -127277
0.408333 -145775
0.408667 -165594
0.409 -159511
0.409333 -154380
0.409667 -156911
0.41 -128060
0.410333 -77670
0.410667 -40143
0.411 4702
0.411333 64927
0.411667 101873
0.412 119572
0.412333 148702
0.412667 168452
0.413 163838
0.413333 163003
0.413667 160436
0.414 131400
0.414333 99175
0.414667 79853
0.415 51524
0.415333 23807
0.415667 16912
0.416 4362
0.416333 -24435
0.416667 -42571
0.417 -60557
0.417333 -97362
0.417667 -122314
0.418 -127277
0.418333 -145775
0.418667 -165594
0.419 -159511
0.419333 -154380
0.419667 -156911
0.42 -128060
0.420333 -77670
0.420667 -40143
0.421 4702
0.421333 64927
0.421667 101873
0.422 119572
0.422333 148702
0.422667 168452
0.423 163838
0.423333 163003
0.423667 160436
0.424 131400
0.424333 99175
0.424667 79853
0.425 51524
0.425333 23807
0.425667 16912
0.426 4362
0.426333 -24435
0.426667 -42571
0.427 -60557
0.427333 -97362
0.427667 -122314
0.428 -127277
0.428333 -145775
0.428667 -165594
0.429 -159511
0.429333 -154380
0.429667 -156911
0.43 -128060
0.430333 -77670
0.430667 -40143
0.431 4702
0.431333 64927
0.431667 101873
0.432 119572
0.432333 148702
0.432667 168452
0.433 163838
0.433333 163003
0.433667 160436
0.434 131400
0.434333 99175
0.434667 79853
0.435 51524
0.435333 23807
0.435667 16912
0.436 4362
0.436333 -24435
0.436667 -42571
0.437 -60557
0.437333 -97362
0.437667 -122314
0.438 -127277
0.438333 -145775
0.438667 -165594
0.439 -159511
0.439333 -154380
0.439667 -156911
0.44 -128060
0.440333 -77670
0.440667 -40143
0.441 4702
0.441333 64927
0.441667 101873
0.442 119572
0.442333 148702
0.442667 168452
0.443 163838
0.443333 163003
0.443667 160436
0.444 131400
0.444333 99175
0.444667 79853
0.445 51524
0.445333 23807
0.445667 16912
0.446 4362
0.446333 -24435
0.446667 -42571
0.447 -60557
0.447333 -97362
0.447667 -122314
0.448 -127277
0.448333 -145775
0.448667 -165594
0.449 -159511
0.449333 -154380
0.449667 -156911
0.45 -128060
0.450333 -77670
0.450667 -40143
0.451 4702
0.451333 64927
0.451667 101873
0.452 119572
0.452333 148702
0.452667 168452
0.453 163838
0.453333 163003
0.453667 160436
0.454 131400
0.454333 99175
0.454667 79853
0.455 51524
0.455333 23807
0.455667 16912
0.456 4362
0.456333 -24435
0.456667 -42571
0.457 -60557
0.457333 -97362
0.457667 -122314
0.458 -127277
0.458333 -145775
0.458667 -165594
0.459 -159511
0.459333 -154380
0.459667 -156911
0.46 -128060
0.460333 -77670
0.460667 -40143
0.461 4702
0.461333 64927
0.461667 101873
0.462 119572
0.462333 148702
0.462667 168452
0.463 163838
0.463333 163003
0.463667 160436
0.464 131400
0.464333 99175
0.464667 79853
0.465 51524
0.465333 23807
0.465667 16912
0.466 4362
0.466333 -24435
0.466667 -42571
0.467 -60557
0.467333 -97362
0.467667 -122314
0.468 -127277
0.468333 -145775
0.468667 -165594
0.469 -159511
0.469333 -154380
0.469667 -156911
0.47 -128060
0.470333 -77670
0.470667 -40143
0.471 4702
0.471333 64927
0.471667 101873
0.472 119572
0.472333 148702
0.472667 168452
0.473 163838
0.473333 163003
0.473667 160436
0.474 131400
0.474333 99175
0.474667 79853
0.475 51524
0.475333 23807
0.475667 16912
0.476 4362
0.476333 -24435
0.476667 -42571
0.477 -60557
0.477333 -97362
0.477667 -122314
0.478 -127277
0.478333 -145775
0.478667 -165594
0.479 -159511
0.479333 -154380
0.479667 -156911
0.48 -128060
0.480333 -77670
0.480667 -40143
0.481 4702
0.481333 64927
0.481667 101873
0.482 119572
0.482333 148702
0.482667 168452
0.483 163838
0.483333 163003
0.483667 160436
0.484 131400
0.484333 99175
0.484667 79853
0.485 51524
0.485333 23807
0.485667 16912
0.486 4362
0.486333 -24435
0.486667 -42571
0.487 -60557
0.487333 -97362
0.487667 -122314
0.488 -127277
0.488333 -145775
0.488667 -165594
0.489 -159511
0.489333 -154380
0.489667 -156911
0.49 -128060
0.490333 -77670
0.490667 -40143
0.491 4702
0.491333 64927
0.491667 101873
0.492 119572
0.492333 148702
0.492667 168452
0.493 163838
0.493333 163003
0.493667 160436
0.494 131400
0.494333 99175
0.494667 79853
0.495 51524
0.495333 23807
0.495667 16912
0.496 4362
0.496333 -24435
0.496667 -42571
0.497 -60557
0.497333 -97362
0.497667 -122314
0.498 -127277
0.498333 -145775
0.498667 -165594
0.499 -159511
0.499333 -154380
0.499667 -156911
0.5 -128060
0.500333 -77670
0.500667 -40143
0.501 4702
0.501333 64927
0.501667 101873
0.502 119572
0.502333 148702
0.502667 168452
0.503 163838
0.503333 163003
0.503667 160436
0.504 131400
0.504333 99175
0.504667 79853
0.505 51524
0.505333 23807
0.505667 16912
0.506 4362
0.506333 -24435
0.506667 -42571
0.507 -60557
0.507333 -97362
0.507667 -122314
0.508 -127277
0.508333 -145775
0.508667 -165594
0.509 -159511
0.509333 -154380
0.509667 -156911
0.51 -128060
0.510333 -77670
0.510667 -40143
0.511 4702
0.511333 64927
0.511667 101873
0.512 119572
0.512333 148702
0.512667 168452
0.513 163838
0.513333 163003
0.513667 160436
0.514 131400
0.514333 99175
0.514667 79853
0.515 51524
0.515333 23807
0.515667 16912
0.516 4362
0.516333 -24435
0.516667 -42571
0.517 -60557
0.517333 -97362
0.517667 -122314
0.518 -127277
0.518333 -145775
0.518667 -165594
0.519 -159511
0.519333 -154380
0.519667 -156911
0.52 -128060
0.520333 -77670
0.520667 -40143
0.521 4702
0.521333 64927
0.521667 101873
0.522 119572
0.522333 148702
0.522667 168452
0.523 163838
0.523333 163003
0.523667 160436
0.524 131400
0.524333 99175
0.524667 79853
0.525 51524
0.525333 23807
0.525667 16912
0.526 4362
0.526333 -24435
0.526667 -42571
0.527 -60557
0.527333 -97362
0.527667 -122314
0.528 -127277
0.528333 -145775
0.528667 -165594
0.529 -159511
0.529333 -154380
0.529667 -156911
0.53 -128060
0.530333 -77670
0.530667 -40143
0.531 4702
0.531333 64927
0.531667 101873
0.532 119572
0.532333 148702
0.532667 168452
0.533 163838
0.533333 163003
0.533667 160436
0.534 131400
0.534333 99175
0.534667 79853
0.535 51524
0.535333 23807
0.535667 16912
0.536 4362
0.536333 -24435
0.536667 -42571
0.537 -60557
0.537333 -97362
0.537667 -122314
0.538 -127277
0.538333 -145775
0.538667 -165594
0.539 -159511
0.539333 -154380
0.539667 -156911
0.54 -128060
0.540333 -77670
0.540667 -40143
0.541 4702
0.541333 64927
0.541667 101873
0.542 119572
0.542333 148702
0.542667 168452
0.543 163838
0.543333 163003
0.543667 160436
0.544 131400
0.544333 99175
0.544667 79853
0.545 51524
0.545333 23807
0.545667 16912
0.546 4362
0.546333 -24435
0.546667 -42571
0.547 -60557
0.547333 -97362
0.547667 -122314
0.548 -127277
0.548333 -145775
0.548667 -165594
0.549 -159511
0.549333 -154380
0.549667 -156911
0.55 -128060
0.550333 -77670
0.550667 -40143
0.551 4702
0.551333 64927
0.551667 101873
0.552 119572
0.552333 148702
0.552667 168452
0.553 163838
0.553333 163003
0.553667 160436
0.554 131400
0.554333 99175
0.554667 79853
0.555 51524
0.555333 23807
0.555667 16912
0.556 4362
0.556333 -24435
0.556667 -42571
0.557 -60557
0.557333 -97362
0.557667 -122314
0.558 -127277
0.558333 -145775
0.558667 -165594
0.559 -159511
0.559333 -154380
0.559667 -156911
0.56 -128060
0.560333 -77670
0.560667 -40143
0.561 4702
0.561333 64927
0.561667 101873
0.562 119572
0.562333 148702
0.562667 168452
0.563 163838
0.563333 163003
0.563667 160436
0.564 131400
0.564333 99175
0.564667 79853
0.565 51524
0.565333 23807
0.565667 16912
0.566 4362
0.566333 -24435
0.566667 -42571
0.567 -60557
0.567333 -97362
0.567667 -122314
0.568 -127277
0.568333 -145775
0.568667 -165594
0.569 -159511
0.569333 -154380
0.569667 -156911
0.57 -128060
0.570333 -77670
0.570667 -40143
0.571 4702
0.571333 64927
0.571667 101873
0.572 119572
0.572333 148702
0.572667 168452
0.573 163838
0.573333 163003
0.573667 160436
0.574 131400
0.574333 99175
0.574667 79853
0.575 51524
0.575333 23807
0.575667 16912
0.576 4362
0.576333 -24435
0.576667 -42571
0.577 -60557
0.577333 -97362
0.577667 -122314
0.578 -127277
0.578333 -145775
0.578667 -165594
0.579 -159511
0.579333 -154380
0.579667 -156911
0.58 -128060
0.580333 -77670
0.580667 -40143
0.581 4702
0.581333 64927
0.581667 101873
0.582 119572
0.582333 148702
0.582667 168452
0.583 163838
0.583333 163003
0.583667 160436
0.584 131400
0.584333 99175
0.584667 79853
0.585 51524
0.585333 23807
0.585667 16912
0.586 4362
0.586333 -24435
0.586667 -42571
0.587 -60557
0.587333 -97362
0.587667 -122314
0.588 -127277
0.588333 -145775
0.588667 -165594
0.589 -159511
0.589333 -154380
0.589667 -156911
0.59 -128060
0.590333 -77670
0.590667 -40143
0.591 4702
0.591333 64927
0.591667 101873
0.592 119572
0.592333 148702
0.592667 168452
0.593 163838
0.593333 163003
0.593667 160436
0.594 131400
0.594333 99175
0.594667 79853
0.595 51524
0.595333 23807
0.595667 16912
0.596 4362
0.596333 -24435
0.596667 -42571
0.597 -60557
0.597333 -97362
0.597667 -122314
0.598 -127277
0.598333 -145775
0.598667 -165594
0.599 -159511
0.599333 -154380
0.599667 -156911
0.6 -128060
0.600333 -77670
0.600667 -40143
0.601 4702
0.601333 64927
0.601667 101873
0.602 119572
0.602333 148702
0.602667 168452
0.603 163838
0.603333 163003
0.603667 160436
0.604 131400
0.604333 99175
0.604667 79853
0.605 51524
0.605333 23807
0.605667 16912
0.606 4362
0.606333 -24435
0.606667 -42571
0.607 -60557
0.607333 -97362
0.607667 -122314
0.608 -127277
0.608333 -145775
0.608667 -165594
0.609 -159511
0.609333 -154380
0.609667 -156911
0.61 -128060
0.610333 -77670
0.610667 -40143
0.611 4702
0.611333 64927
0.611667 101873
0.612 119572
0.612333 148702
0.612667 168452
0.613 163838
0.613333 163003
0.613667 160436
0.614 131400
0.614333 99175
0.614667 79853
0.615 51524
0.615333 23807
0.615667 16912
0.616 4362
0.616333 -24435
0.616667 -42571
0.617 -60557
0.617333 -97362
0.617667 -122314
0.618 -127277
0.618333 -145775
0.618667 -165594
0.619 -159511
0.619333 -154380
0.619667 -156911
0.62 -128060
0.620333 -77670
0.620667 -40143
0.621 4702
0.621333 64927
0.621667 101873
0.622 119572
0.622333 148702
0.622667 168452
0.623 163838
0.623333 163003
0.623667 160436
0.624 131400
0.624333 99175
0.624667 79853
0.625 51524
0.625333 23807
0.625667 16912
0.626 4362
0.626333 -24435
0.626667 -42571
0.627 -60557
0.627333 -97362
0.627667 -122314
0.628 -127277
0.628333 -145775
0.628667 -165594
0.629 -159511
0.629333 -154380
0.629667 -156911
0.63 -128060
0.630333 -77670
0.630667 -40143
0.631 4702
0.631333 64927
0.631667 101873
0.632 119572
0.632333 148702
0.632667 168452
0.633 163838
0.633333 163003
0.633667 160436
0.634 131400
0.634333 99175
0.634667 79853
0.635 51524
0.635333 23807
0.635667 16912
0.636 4362
0.636333 -24435
0.636667 -42571
0.637 -60557
0.637333 -97362
0.637667 -122314
0.638 -127277
0.638333 -145775
0.638667 -165594
0.639 -159511
0.639333 -154380
0.639667 -156911
0.64 -128060
0.640333 -77670
0.640667 -40143
0.641 4702
0.641333 64927
0.641667 101873
0.642 119572
0.642333 148702
0.642667 168452
0.643 163838
0.643333 163003
0.643667 160436
0.644 131400
0.644333 99175
0.644667 79853
0.645 51524
0.645333 23807
0.645667 16912
0.646 4362
0.646333 -24435
0.646667 -42571
0.647 -60557
0.647333 -97362
0.647667 -122314
0.648 -127277
0.648333 -145775
0.648667 -165594
0.649 -159511
0.649333 -154380
0.649667 -156911
0.65 -128060
0.650333 -77670
0.650667 -40143
0.651 4702
0.651333 64927
0.651667 101873
0.652 119572
0.652333 148702
0.652667 168452
0.653 163838
0.653333 163003
0.653667 160436
0.654 131400
0.654333 99175
0.654667 79853
0.655 51524
0.655333 23807
0.655667 16912
0.656 4362
0.656333 -24435
0.656667 -42571
0.657 -60557
0.657333 -97362
0.657667 -122314
0.658 -127277
0.658333 -145775
0.658667 -165594
0.659 -159511
0.659333 -154380
0.659667 -156911
0.66 -128060
0.660333 -77670
0.660667 -40143
0.661 4702
0.661333 64927
0.661667 101873
0.662 119572
0.662333 148702
0.662667 168452
0.663 163838
0.663333 163003
0.663667 160436
0.664 131400
0.664333 99175
0.664667 79853
0.665 51524
0.665333 23807
0.665667 16912
0.666 4362
0.666333 -24435
0.666667 -42571
0.667 -60557
0.667333 -97362
0.667667 -122314
0.668 -127277
0.668333 -145775
0.668667 -165594
0.669 -159511
0.669333 -154380
0.669667 -156911
0.67 -128060
0.670333 -77670
0.670667 -40143
0.671 4702
0.671333 64927
0.671667 101873
0.672 119572
0.672333 148702
0.672667 168452
0.673 163838
0.673333 163003
0.673667 160436
0.674 131400
0.674333 99175
0.674667 79853
0.675 51524
0.675333 23807
0.675667 16912
0.676 4362
0.676333 -24435
0.676667 -42571
0.677 -60557
0.677333 -97362
0.677667 -122314
0.678 -127277
0.678333 -145775
0.678667 -165594
0.679 -159511
0.679333 -154380
0.679667 -156911
0.68 -128060
0.680333 -77670
0.680667 -40143
0.681 4702
0.681333 64927
0.681667 101873
0.682 119572
0.682333 148702
0.682667 168452
0.683 163838
0.683333 163003
0.683667 160436
0.684 131400
0.684333 99175
0.684667 79853
0.685 51524
0.685333 23807
0.685667 16912
0.686 4362
0.686333 -24435
0.686667 -42571
0.687 -60557
0.687333 -97362
0.687667 -122314
0.688 -127277
0.688333 -145775
0.688667 -165594
0.689 -159511
0.689333 -154380
0.689667 -156911
0.69 -128060
0.690333 -77670
0.690667 -40143
0.691 4702
0.691333 64927
0.691667 101873
0.692 119572
0.692333 148702
0.692667 168452
0.693 163838
0.693333 163003
0.693667 160436
0.694 131400
0.694333 99175
0.694667 79853
0.695 51524
0.695333 23807
0.695667 16912
0.696 4362
0.696333 -24435
0.696667 -42571
0.697 -60557
0.697333 -97362
0.697667 -122314
0.698 -127277
0.698333 -145775
0.698667 -165594
0.699 -159511
0.699333 -154380
0.699667 -156911
0.7 -128060
0.700333 -77670
0.700667 -40143
0.701 4702
0.701333 64927
0.701667 101873
0.702 119572
0.702333 148702
0.702667 168452
0.703 163838
0.703333 163003
0.703667 160436
0.704 131400
0.704333 99175
0.704667 79853
0.705 51524
0.705333 23807
0.705667 16912
0.706 4362
0.706333 -24435
0.706667 -42571
0.707 -60557
0.707333 -97362
0.707667 -122314
0.708 -127277
0.708333 -145775
0.708667 -165594
0.709 -159511
0.709333 -154380
0.709667 -156911
0.71 -128060
0.710333 -77670
0.710667 -40143
0.711 4702
0.711333 64927
0.711667 101873
0.712 119572
0.712333 148702
0.712667 168452
0.713 163838
0.713333 163003
0.713667 160436
0.714 131400
0.714333 99175
0.714667 79853
0.715 51524
0.715333 23807
0.715667 16912
0.716 4362
0.716333 -24435
0.716667 -42571
0.717 -60557
0.717333 -97362
0.717667 -122314
0.718 -127277
0.718333 -145775
0.718667 -165594
0.719 -159511
0.719333 -154380
0.719667 -156911
0.72 -128060
0.720333 -77670
0.720667 -40143
0.721 4702
0.721333 64927
0.721667 101873
0.722 119572
0.722333 148702
0.722667 168452
0.723 163838
0.723333 163003
0.723667 160436
0.724 131400
0.724333 99175
0.724667 79853
0.725 51524
0.725333 23807
0.725667 16912
0.726 4362
0.726333 -24435
0.726667 -42571
0.727 -60557
0.727333 -97362
0.727667 -122314
0.728 -127277
0.728333 -145775
0.728667 -165594
0.729 -159511
0.729333 -154380
0.729667 -156911
0.73 -128060
0.730333 -77670
0.730667 -40143
0.731 4702
0.731333 64927
0.731667 101873
0.732 119572
0.732333 148702
0.732667 168452
0.733 163838
0.733333 163003
0.733667 160436
0.734 131400
0.734333 99175
0.734667 79853
0.735 51524
0.735333 23807
0.735667 16912
0.736 4362
0.736333 -24435
0.736667 -42571
0.737 -60557
0.737333 -97362
0.737667 -122314
0.738 -127277
0.738333 -145775
0.738667 -165594
0.739 -159511
0.739333 -154380
0.739667 -156911
0.74 -128060
0.740333 -77670
0.740667 -40143
0.741 4702
0.741333 64927
0.741667 101873
0.742 119572
0.742333 148702
0.742667 168452
0.743 163838
0.743333 163003
0.743667 160436
0.744 131400
0.744333 99175
0.744667 79853
0.745 51524
0.745333 23807
0.745667 16912
0.746 4362
0.746333 -24435
0.746667 -42571
0.747 -60557
0.747333 -97362
0.747667 -122314
0.748 -127277
0.748333 -145775
0.748667 -165594
0.749 -159511
0.749333 -154380
0.749667 -156911
0.75 -128060
0.750333 -77670
0.750667 -40143
0.751 4702
0.751333 64927
0.751667 101873
0.752 119572
0.752333 148702
0.752667 168452
0.753 163838
0.753333 163003
0.753667 160436
0.754 131400
0.754333 99175
0.754667 79853
0.755 51524
0.755333 23807
0.755667 16912
0.756 4362
0.756333 -24435
0.756667 -42571
0.757 -60557
0.757333 -97362
0.757667 -122314
0.758 -127277
0.758333 -145775
0.758667 -165594
0.759 -159511
0.759333 -154380
0.759667 -156911
0.76 -128060
0.760333 -77670
0.760667 -40143
0.761 4702
0.761333 64927
0.761667 101873
0.762 119572
0.762333 148702
0.762667 168452
0.763 163838
0.763333 163003
0.763667 160436
0.764 131400
0.764333 99175
0.764667 79853
0.765 51524
0.765333 23807
0.765667 16912
0.766 4362
0.766333 -24435
0.766667 -42571
0.767 -60557
0.767333 -97362
0.767667 -122314
0.768 -127277
0.768333 -145775
0.768667 -165594
0.769 -159511
0.769333 -154380
0.769667 -156911
0.77 -128060
0.770333 -77670
0.770667 -40143
0.771 4702
0.771333 64927
0.771667 101873
0.772 119572
0.772333 148702
0.772667 168452
0.773 163838
0.773333 163003
0.773667 160436
0.774 131400
0.774333 99175
0.774667 79853
0.775 51524
0.775333 23807
0.775667 16912
0.776 4362
0.776333 -24435
0.776667 -42571
0.777 -60557
0.777333 -97362
0.777667 -122314
0.778 -127277
0.778333 -145775
0.778667 -165594
0.779 -159511
0.779333 -154380
0.779667 -156911
0.78 -128060
0.780333 -77670
0.780667 -40143
0.781 4702
0.781333 64927
0.781667 101873
0.782 119572
0.782333 148702
0.782667 168452
0.783 163838
0.783333 163003
0.783667 160436
0.784 131400
0.784333 99175
0.784667 79853
0.785 51524
0.785333 23807
0.785667 16912
0.786 4362
0.786333 -24435
0.786667 -42571
0.787 -60557
0.787333 -97362
0.787667 -122314
0.788 -127277
0.788333 -145775
0.788667 -165594
0.789 -159511
0.789333 -154380
0.789667 -156911
0.79 -128060
0.790333 -77670
0.790667 -40143
0.791 4702
0.791333 64927
0.791667 101873
0.792 119572
0.792333 148702
0.792667 168452
0.793 163838
0.793333 163003
0.793667 160436
0.794 131400
0.794333 99175
0.794667 79853
0.795 51524
0.795333 23807
0.795667 16912
0.796 4362
0.796333 -24435
0.796667 -42571
0.797 -60557
0.797333 -97362
0.797667 -122314
0.798 -127277
0.798333 -145775
0.798667 -165594
0.799 -159511
0.799333 -154380
0.799667 -156911
0.8 -128060
0.800333 -77670
0.800667 -40143
0.801 4702
0.801333 64927
0.801667 101873
0.802 119572
0.802333 148702
0.802667 168452
0.803 163838
0.803333 163003
0.803667 160436
0.804 131400
0.804333 99175
0.804667 79853
0.805 51524
0.805333 23807
0.805667 16912
0.806 4362
0.806333 -24435
0.806667 -42571
0.807 -60557
0.807333 -97362
0.807667 -122314
0.808 -127277
0.808333 -145775
0.808667 -165594
0.809 -159511
0.809333 -154380
0.809667 -156911
0.81 -128060
0.810333 -77670
0.810667 -40143
0.811 4702
0.811333 64927
0.811667 101873
0.812 119572
0.812333 148702
0.812667 168452
0.813 163838
0.813333 163003
0.813667 160436
0.814 131400
0.814333 99175
0.814667 79853
0.815 51524
0.815333 23807
0.815667 16912
0.816 4362
0.816333 -24435
0.816667 -42571
0.817 -60557
0.817333 -97362
0.817667 -122314
0.818 -127277
0.818333 -145775
0.818667 -165594
0.819 -159511
0.819333 -154380
0.819667 -156911
0.82 -128060
0.820333 -77670
0.820667 -40143
0.821 4702
0.821333 64927
0.821667 101873
0.822 119572
0.822333 148702
0.822667 168452
0.823 163838
0.823333 163003
0.823667 160436
0.824 131400
0.824333 99175
0.824667 79853
0.825 51524
0.825333 23807
0.825667 16912
0.826 4362
0.826333 -24435
0.826667 -42571
0.827 -60557
0.827333 -97362
0.827667 -122314
0.828 -127277
0.828333 -145775
0.828667 -165594
0.829 -159511
0.829333 -154380
0.829667 -156911
0.83 -128060
0.830333 -77670
0.830667 -40143
0.831 4702
0.831333 64927
0.831667 101873
0.832 119572
0.832333 148702
0.832667 168452
0.833 163838
0.833333 163003
0.833667 160436
0.834 131400
0.834333 99175
0.834667 79853
0.835 51524
0.835333 23807
0.835667 16912
0.836 4362
0.836333 -24435
0.836667 -42571
0.837 -60557
0.837333 -97362
0.837667 -122314
0.838 -127277
0.838333 -145775
0.838667 -165594
0.839 -159511
0.839333 -154380
0.839667 -156911
0.84 -128060
0.840333 -77670
0.840667 -40143
0.841 4702
0.841333 64927
0.841667 101873
0.842 119572
0.842333 148702
0.842667 168452
0.843 163838
0.843333 163003
0.843667 160436
0.844 131400
0.844333 99175
0.844667 79853
0.845 51524
0.845333 23807
0.845667 16912
0.846 4362
0.846333 -24435
0.846667 -42571
0.847 -60557
0.847333 -97362
0.847667 -122314
0.848 -127277
0.848333 -145775
0.848667 -165594
0.849 -159511
0.849333 -154380
0.849667 -156911
0.85 -128060
0.850333 -77670
0.850667 -40143
0.851 4702
0.851333 64927
0.851667 101873
0.852 119572
0.852333 148702
0.852667 168452
0.853 163838
0.853333 163003
0.853667 160436
0.854 131400
0.854333 99175
0.854667 79853
0.855 51524
0.855333 23807
0.855667 16912
0.856 4362
0.856333 -24435
0.856667 -42571
0.857 -60557
0.857333 -97362
0.857667 -122314
0.858 -127277
0.858333 -145775
0.858667 -165594
0.859 -159511
0.859333 -154380
0.859667 -156911
0.86 -128060
0.860333 -77670
0.860667 -40143
0.861 4702
0.861333 64927
0.861667 101873
0.862 119572
0.862333 148702
0.862667 168452
0.863 163838
0.863333 163003
0.863667 160436
0.864 131400
0.864333 99175
0.864667 79853
0.865 51524
0.865333 23807
0.865667 16912
0.866 4362
0.866333 -24435
0.866667 -42571
0.867 -60557
0.867333 -97362
0.867667 -122314
0.868 -127277
0.868333 -145775
0.868667 -165594
0.869 -159511
0.869333 -154380
0.869667 -156911
0.87 -128060
0.870333 -77670
0.870667 -40143
0.871 4702
0.871333 64927
0.871667 101873
0.872 119572
0.872333 148702
0.872667 168452
0.873 163838
0.873333 163003
0.873667 160436
0.874 131400
0.874333 99175
0.874667 79853
0.875 51524
0.875333 23807
0.875667 16912
0.876 4362
0.876333 -24435
0.876667 -42571
0.877 -60557
0.877333 -97362
0.877667 -122314
0.878 -127277
0.878333 -145775
0.878667 -165594
0.879 -159511
0.879333 -154380
0.879667 -156911
0.88 -128060
0.880333 -77670
0.880667 -40143
0.881 4702
0.881333 64927
0.881667 101873
0.882 119572
0.882333 148702
0.882667 168452
0.883 163838
0.883333 163003
0.883667 160436
0.884 131400
0.884333 99175
0.884667 79853
0.885 51524
0.885333 23807
0.885667 16912
0.886 4362
0.886333 -24435
0.886667 -42571
0.887 -60557
0.887333 -97362
0.887667 -122314
0.888 -127277
0.888333 -145775
0.888667 -165594
0.889 -159511
0.889333 -154380
0.889667 -156911
0.89 -128060
0.890333 -77670
0.890667 -40143
0.891 4702
0.891333 64927
0.891667 101873
0.892 119572
0.892333 148702
0.892667 168452
0.893 163838
0.893333 163003
0.893667 160436
0.894 131400
0.894333 99175
0.894667 79853
0.895 51524
0.895333 23807
0.895667 16912
0.896 4362
0.896333 -24435
0.896667 -42571
0.897 -60557
0.897333 -97362
0.897667 -122314
0.898 -127277
0.898333 -145775
0.898667 -165594
0.899 -159511
0.899333 -154380
0.899667 -156911
0.9 -128060
0.900333 -77670
0.900667 -40143
0.901 4702
0.901333 64927
0.901667 101873
0.902 119572
0.902333 148702
0.902667 168452
0.903 163838
0.903333 163003
0.903667 160436
0.904 131400
0.904333 99175
0.904667 79853
0.905 51524
0.905333 23807
0.905667 16912
0.906 4362
0.906333 -24435
0.906667 -42571
0.907 -60557
0.907333 -97362
0.907667 -122314
0.908 -127277
0.908333 -145775
0.908667 -165594
0.909 -159511
0.909333 -154380
0.909667 -156911
0.91 -128060
0.910333 -77670
0.910667 -40143
0.911 4702
0.911333 64927
0.911667 101873
0.912 119572
0.912333 148702
0.912667 168452
0.913 163838
0.913333 163003
0.913667 160436
0.914 131400
0.914333 99175
0.914667 79853
0.915 51524
0.915333 23807
0.915667 16912
0.916 4362
0.916333 -24435
0.916667 -42571
0.917 -60557
0.917333 -97362
0.917667 -122314
0.918 -127277
0.918333 -145775
0.918667 -165594
0.919 -159511
0.919333 -154380
0.919667 -156911
0.92 -128060
0.920333 -77670
0.920667 -40143
0.921 4702
0.921333 64927
0.921667 101873
0.922 119572
0.922333 148702
0.922667 168452
0.923 163838
0.923333 163003
0.923667 160436
0.924 131400
0.924333 99175
0.924667 79853
0.925 51524
0.925333 23807
0.925667 16912
0.926 4362
0.926333 -24435
0.926667 -42571
0.927 -60557
0.927333 -97362
0.927667 -122314
0.928 -127277
0.928333 -145775
0.928667 -165594
0.929 -159511
0.929333 -154380
0.929667 -156911
0.93 -128060
0.930333 -77670
0.930667 -40143
0.931 4702
0.931333 64927
0.931667 101873
0.932 119572
0.932333 148702
0.932667 168452
0.933 163838
0.933333 163003
0.933667 160436
0.934 131400
0.934333 99175
0.934667 79853
0.935 51524
0.935333 23807
0.935667 16912
0.936 4362
0.936333 -24435
0.936667 -42571
0.937 -60557
0.937333 -97362
0.937667 -122314
0.938 -127277
0.938333 -145775
0.938667 -165594
0.939 -159511
0.939333 -154380
0.939667 -156911
0.94 -128060
0.940333 -77670
0.940667 -40143
0.941 4702
0.941333 64927
0.941667 101873
0.942 119572
0.942333 148702
0.942667 168452
0.943 163838
0.943333 163003
0.943667 160436
0.944 131400
0.944333 99175
0.944667 79853
0.945 51524
0.945333 23807
0.945667 16912
0.946 4362
0.946333 -24435
0.946667 -42571
0.947 -60557
0.947333 -97362
0.947667 -122314
0.948 -127277
0.948333 -145775
0.948667 -165594
0.949 -159511
0.949333 -154380
0.949667 -156911
0.95 -128060
0.950333 -77670
0.950667 -40143
0.951 4702
0.951333 64927
0.951667 101873
0.952 119572
0.952333 148702
0.952667 168452
0.953 163838
0.953333 163003
0.953667 160436
0.954 131400
0.954333 99175
0.954667 79853
0.955 51524
0.955333 23807
0.955667 16912
0.956 4362
0.956333 -24435
0.956667 -42571
0.957 -60557
0.957333 -97362
0.957667 -122314
0.958 -127277
0.958333 -145775
0.958667 -165594
0.959 -159511
0.959333 -154380
0.959667 -156911
0.96 -128060
0.960333 -77670
0.960667 -40143
0.961 4702
0.961333 64927
0.961667 101873
0.962 119572
0.962333 148702
0.962667 168452
0.963 163838
0.963333 163003
0.963667 160436
0.964 131400
0.964333 99175
0.964667 79853
0.965 51524
0.965333 23807
0.965667 16912
0.966 4362
0.966333 -24435
0.966667 -42571
0.967 -60557
0.967333 -97362
0.967667 -122314
0.968 -127277
0.968333 -145775
0.968667 -165594
0.969 -159511
0.969333 -154380
0.969667 -156911
0.97 -128060
0.970333 -77670
0.970667 -40143
0.971 4702
0.971333 64927
0.971667 101873
0.972 119572
0.972333 148702
0.972667 168452
0.973 163838
0.973333 163003
0.973667 160436
0.974 131400
0.974333 99175
0.974667 79853
0.975 51524
0.975333 23807
0.975667 16912
0.976 4362
0.976333 -24435
0.976667 -42571
0.977 -60557
0.977333 -97362
0.977667 -122314
0.978 -127277
0.978333 -145775
0.978667 -165594
0.979 -159511
0.979333 -154380
0.979667 -156911
0.98 -128060
0.980333 -77670
0.980667 -40143
0.981 4702
0.981333 64927
0.981667 101873
0.982 119572
0.982333 148702
0.982667 168452
0.983 163838
0.983333 163003
0.983667 160436
0.984 131400
0.984333 99175
0.984667 79853
0.985 51524
0.985333 23807
0.985667 16912
0.986 4362
0.986333 -24435
0.986667 -42571
0.987 -60557
0.987333 -97362
0.987667 -122314
0.988 -127277
0.988333 -145775
0.988667 -165594
0.989 -159511
0.989333 -154380
0.989667 -156911
0.99 -128060
0.990333 -77670
0.990667 -40143
0.991 4702
0.991333 64927
0.991667 101873
0.992 119572
0.992333 148702
0.992667 168452
0.993 163838
0.993333 163003
0.993667 160436
0.994 131400
0.994333 99175
0.994667 79853
0.995 51524
0.995333 23807
0.995667 16912
0.996 4362
0.996333 -24435
0.996667 -42571
0.997 -60557
0.997333 -97362
0.997667 -122314
0.998 -127277
0.998333 -145775
0.998667 -165594
0.999 -159511
0.999333 -154380
0.999667 -156911
